Chr(mm10);Start(mm10);End(mm10);NumberOfReads;Strand
chrM;68;69;1;+
chrM;69;70;2;+
chrM;70;71;1;+
chrM;74;75;4;+
chrM;81;82;2;+
chrM;82;83;1;+
chrM;83;84;2;+
chrM;84;85;2;+
chrM;114;115;1;+
chrM;115;116;1;+
chrM;118;119;1;+
chrM;119;120;5;+
chrM;120;121;4;+
chrM;125;126;2;+
chrM;127;128;4;+
chrM;129;130;1;+
chrM;140;141;1;+
chrM;170;171;2;+
chrM;196;197;1;+
chrM;199;200;2;+
chrM;200;201;3;+
chrM;201;202;3;+
chrM;206;207;5;+
chrM;207;208;1;+
chrM;208;209;2;+
chrM;209;210;1;+
chrM;210;211;1;+
chrM;212;213;2;+
chrM;213;214;1;+
chrM;214;215;2;+
chrM;215;216;5;+
chrM;216;217;1;+
chrM;217;218;1;+
chrM;219;220;2;+
chrM;220;221;2;+
chrM;222;223;1;+
chrM;223;224;4;+
chrM;224;225;6;+
chrM;225;226;4;+
chrM;226;227;7;+
chrM;227;228;11;+
chrM;228;229;8;+
chrM;264;265;29;+
chrM;265;266;5;+
chrM;272;273;1;+
chrM;273;274;1;+
chrM;274;275;1;+
chrM;275;276;8;+
chrM;276;277;1;+
chrM;285;286;1;+
chrM;286;287;1;+
chrM;287;288;2;+
chrM;288;289;1;+
chrM;289;290;3;+
chrM;291;292;9;+
chrM;292;293;11;+
chrM;293;294;6;+
chrM;294;295;4;+
chrM;295;296;1;+
chrM;296;297;3;+
chrM;297;298;6;+
chrM;298;299;15;+
chrM;301;302;1;+
chrM;305;306;1;+
chrM;306;307;6;+
chrM;307;308;9;+
chrM;308;309;6;+
chrM;309;310;5;+
chrM;310;311;12;+
chrM;311;312;5;+
chrM;312;313;4;+
chrM;313;314;6;+
chrM;314;315;7;+
chrM;315;316;1;+
chrM;316;317;1;+
chrM;317;318;4;+
chrM;335;336;2;+
chrM;336;337;38;+
chrM;337;338;16;+
chrM;341;342;6;+
chrM;347;348;1;+
chrM;398;399;2;+
chrM;400;401;1;+
chrM;401;402;3;+
chrM;407;408;1;+
chrM;409;410;4;+
chrM;442;443;32;+
chrM;443;444;9;+
chrM;444;445;1;+
chrM;447;448;1;+
chrM;471;472;9;+
chrM;473;474;4;+
chrM;478;479;1;+
chrM;483;484;3;+
chrM;484;485;13;+
chrM;485;486;4;+
chrM;487;488;1;+
chrM;490;491;6;+
chrM;491;492;4;+
chrM;492;493;11;+
chrM;502;503;1;+
chrM;503;504;4;+
chrM;504;505;4;+
chrM;505;506;2;+
chrM;548;549;1;+
chrM;555;556;14;+
chrM;556;557;11;+
chrM;557;558;2;+
chrM;563;564;4;+
chrM;577;578;1;+
chrM;584;585;9;+
chrM;585;586;2;+
chrM;587;588;1;+
chrM;588;589;3;+
chrM;589;590;4;+
chrM;591;592;1;+
chrM;592;593;3;+
chrM;593;594;2;+
chrM;594;595;2;+
chrM;595;596;9;+
chrM;596;597;45;+
chrM;597;598;35;+
chrM;598;599;16;+
chrM;599;600;4;+
chrM;602;603;2;+
chrM;609;610;5;+
chrM;610;611;2;+
chrM;611;612;3;+
chrM;612;613;2;+
chrM;613;614;3;+
chrM;614;615;9;+
chrM;616;617;1;+
chrM;617;618;4;+
chrM;618;619;1;+
chrM;619;620;13;+
chrM;620;621;1;+
chrM;621;622;4;+
chrM;622;623;6;+
chrM;623;624;8;+
chrM;624;625;16;+
chrM;625;626;4;+
chrM;628;629;3;+
chrM;629;630;4;+
chrM;630;631;1;+
chrM;631;632;1;+
chrM;633;634;1;+
chrM;634;635;1;+
chrM;636;637;1;+
chrM;637;638;1;+
chrM;642;643;3;+
chrM;643;644;1;+
chrM;644;645;3;+
chrM;645;646;6;+
chrM;646;647;10;+
chrM;647;648;5;+
chrM;648;649;2;+
chrM;649;650;2;+
chrM;650;651;6;+
chrM;653;654;3;+
chrM;654;655;2;+
chrM;655;656;1;+
chrM;658;659;5;+
chrM;659;660;8;+
chrM;660;661;2;+
chrM;663;664;3;+
chrM;664;665;3;+
chrM;665;666;2;+
chrM;666;667;1;+
chrM;667;668;11;+
chrM;668;669;14;+
chrM;669;670;1;+
chrM;672;673;2;+
chrM;676;677;1;+
chrM;677;678;6;+
chrM;678;679;13;+
chrM;685;686;6;+
chrM;740;741;1;+
chrM;745;746;1;+
chrM;748;749;1;+
chrM;753;754;11;+
chrM;754;755;4;+
chrM;755;756;1;+
chrM;771;772;1;+
chrM;774;775;4;+
chrM;775;776;11;+
chrM;778;779;1;+
chrM;779;780;1;+
chrM;783;784;5;+
chrM;804;805;1;+
chrM;807;808;1;+
chrM;810;811;1;+
chrM;831;832;1;+
chrM;834;835;7;+
chrM;835;836;6;+
chrM;866;867;1;+
chrM;868;869;2;+
chrM;870;871;2;+
chrM;871;872;1;+
chrM;888;889;27;+
chrM;889;890;3;+
chrM;891;892;1;+
chrM;892;893;3;+
chrM;893;894;1;+
chrM;895;896;3;+
chrM;896;897;3;+
chrM;897;898;2;+
chrM;898;899;2;+
chrM;899;900;9;+
chrM;900;901;11;+
chrM;901;902;3;+
chrM;902;903;1;+
chrM;903;904;1;+
chrM;904;905;2;+
chrM;906;907;4;+
chrM;907;908;3;+
chrM;908;909;16;+
chrM;909;910;6;+
chrM;910;911;11;+
chrM;911;912;34;+
chrM;912;913;19;+
chrM;942;943;3;+
chrM;944;945;2;+
chrM;947;948;1;+
chrM;948;949;1;+
chrM;954;955;4;+
chrM;955;956;9;+
chrM;956;957;2;+
chrM;957;958;3;+
chrM;960;961;1;+
chrM;961;962;1;+
chrM;962;963;17;+
chrM;963;964;35;+
chrM;964;965;51;+
chrM;965;966;13;+
chrM;990;991;5;+
chrM;992;993;2;+
chrM;993;994;7;+
chrM;994;995;18;+
chrM;995;996;2;+
chrM;997;998;6;+
chrM;998;999;41;+
chrM;999;1000;11;+
chrM;1000;1001;1;+
chrM;1002;1003;1;+
chrM;1003;1004;10;+
chrM;1004;1005;22;+
chrM;1005;1006;34;+
chrM;1006;1007;2;+
chrM;1009;1010;4;+
chrM;1010;1011;40;+
chrM;1011;1012;5;+
chrM;1012;1013;9;+
chrM;1013;1014;3;+
chrM;1014;1015;7;+
chrM;1015;1016;3;+
chrM;1016;1017;4;+
chrM;1032;1033;10;+
chrM;1033;1034;2;+
chrM;1034;1035;3;+
chrM;1035;1036;6;+
chrM;1036;1037;4;+
chrM;1037;1038;2;+
chrM;1042;1043;1;+
chrM;1043;1044;2;+
chrM;1046;1047;1;+
chrM;1047;1048;3;+
chrM;1048;1049;18;+
chrM;1049;1050;3;+
chrM;1050;1051;2;+
chrM;1051;1052;4;+
chrM;1052;1053;1;+
chrM;1053;1054;2;+
chrM;1054;1055;1;+
chrM;1055;1056;8;+
chrM;1057;1058;7;+
chrM;1058;1059;4;+
chrM;1059;1060;3;+
chrM;1068;1069;2;+
chrM;1069;1070;1;+
chrM;1080;1081;4;+
chrM;1081;1082;1;+
chrM;1083;1084;9;+
chrM;1086;1087;1;+
chrM;1087;1088;2;+
chrM;1088;1089;1;+
chrM;1089;1090;1;+
chrM;1090;1091;10;+
chrM;1091;1092;9;+
chrM;1092;1093;11;+
chrM;1093;1094;4;+
chrM;1096;1097;2;+
chrM;1100;1101;2;+
chrM;1102;1103;5;+
chrM;1103;1104;1;+
chrM;1179;1180;1;+
chrM;1180;1181;1;+
chrM;1187;1188;1;+
chrM;1189;1190;2;+
chrM;1190;1191;1;+
chrM;1193;1194;6;+
chrM;1194;1195;1;+
chrM;1195;1196;1;+
chrM;1196;1197;8;+
chrM;1200;1201;5;+
chrM;1255;1256;29;+
chrM;1256;1257;3;+
chrM;1257;1258;1;+
chrM;1259;1260;1;+
chrM;1267;1268;1;+
chrM;1268;1269;4;+
chrM;1269;1270;2;+
chrM;1270;1271;3;+
chrM;1271;1272;2;+
chrM;1272;1273;1;+
chrM;1357;1358;1;+
chrM;1358;1359;2;+
chrM;1359;1360;1;+
chrM;1363;1364;1;+
chrM;1365;1366;1;+
chrM;1366;1367;1;+
chrM;1367;1368;1;+
chrM;1371;1372;6;+
chrM;1372;1373;1;+
chrM;1374;1375;1;+
chrM;1375;1376;6;+
chrM;1376;1377;12;+
chrM;1377;1378;2;+
chrM;1391;1392;1;+
chrM;1395;1396;7;+
chrM;1396;1397;17;+
chrM;1397;1398;2;+
chrM;1398;1399;9;+
chrM;1399;1400;4;+
chrM;1401;1402;2;+
chrM;1413;1414;9;+
chrM;1414;1415;7;+
chrM;1416;1417;6;+
chrM;1417;1418;6;+
chrM;1418;1419;15;+
chrM;1419;1420;4;+
chrM;1424;1425;8;+
chrM;1425;1426;7;+
chrM;1426;1427;12;+
chrM;1429;1430;3;+
chrM;1430;1431;9;+
chrM;1431;1432;6;+
chrM;1433;1434;5;+
chrM;1434;1435;11;+
chrM;1435;1436;8;+
chrM;1436;1437;6;+
chrM;1466;1467;1;+
chrM;1524;1525;1;+
chrM;1526;1527;5;+
chrM;1527;1528;43;+
chrM;1528;1529;105;+
chrM;1529;1530;58;+
chrM;1530;1531;1;+
chrM;1533;1534;4;+
chrM;1534;1535;1;+
chrM;1535;1536;4;+
chrM;1536;1537;4;+
chrM;1537;1538;7;+
chrM;1539;1540;8;+
chrM;1583;1584;6;+
chrM;1584;1585;1;+
chrM;1588;1589;1;+
chrM;1589;1590;4;+
chrM;1590;1591;1;+
chrM;1591;1592;2;+
chrM;1592;1593;2;+
chrM;1598;1599;2;+
chrM;1599;1600;7;+
chrM;1600;1601;7;+
chrM;1601;1602;4;+
chrM;1602;1603;1;+
chrM;1663;1664;1;+
chrM;1668;1669;8;+
chrM;1681;1682;5;+
chrM;1683;1684;1;+
chrM;1689;1690;2;+
chrM;1701;1702;8;+
chrM;1705;1706;2;+
chrM;1706;1707;1;+
chrM;1715;1716;1;+
chrM;1716;1717;2;+
chrM;1720;1721;1;+
chrM;1721;1722;1;+
chrM;1722;1723;5;+
chrM;1723;1724;2;+
chrM;1724;1725;2;+
chrM;1726;1727;19;+
chrM;1727;1728;9;+
chrM;1729;1730;5;+
chrM;1745;1746;1;+
chrM;1746;1747;2;+
chrM;1747;1748;21;+
chrM;1748;1749;9;+
chrM;1749;1750;1;+
chrM;1750;1751;4;+
chrM;1751;1752;1;+
chrM;1752;1753;2;+
chrM;1755;1756;2;+
chrM;1756;1757;11;+
chrM;1757;1758;11;+
chrM;1760;1761;1;+
chrM;1764;1765;7;+
chrM;1765;1766;15;+
chrM;1766;1767;5;+
chrM;1767;1768;8;+
chrM;1768;1769;15;+
chrM;1769;1770;11;+
chrM;1770;1771;2;+
chrM;1780;1781;1;+
chrM;1781;1782;6;+
chrM;1782;1783;2;+
chrM;1783;1784;1;+
chrM;1784;1785;4;+
chrM;1785;1786;6;+
chrM;1786;1787;14;+
chrM;1787;1788;9;+
chrM;1788;1789;13;+
chrM;1789;1790;2;+
chrM;1790;1791;1;+
chrM;1792;1793;1;+
chrM;1793;1794;2;+
chrM;1794;1795;26;+
chrM;1795;1796;14;+
chrM;1796;1797;2;+
chrM;1797;1798;1;+
chrM;1798;1799;3;+
chrM;1839;1840;1;+
chrM;1841;1842;5;+
chrM;1842;1843;5;+
chrM;1843;1844;14;+
chrM;1844;1845;5;+
chrM;1845;1846;16;+
chrM;1846;1847;27;+
chrM;1847;1848;1;+
chrM;1848;1849;5;+
chrM;1849;1850;1;+
chrM;1850;1851;1;+
chrM;1852;1853;5;+
chrM;1853;1854;3;+
chrM;1854;1855;4;+
chrM;1855;1856;3;+
chrM;1856;1857;17;+
chrM;1857;1858;15;+
chrM;1858;1859;14;+
chrM;1859;1860;5;+
chrM;1860;1861;5;+
chrM;1910;1911;3;+
chrM;1911;1912;1;+
chrM;1912;1913;6;+
chrM;1913;1914;16;+
chrM;1914;1915;26;+
chrM;1915;1916;30;+
chrM;1916;1917;20;+
chrM;1917;1918;1;+
chrM;1919;1920;8;+
chrM;1920;1921;3;+
chrM;1922;1923;6;+
chrM;1923;1924;3;+
chrM;1924;1925;2;+
chrM;1925;1926;1;+
chrM;1926;1927;4;+
chrM;1927;1928;18;+
chrM;1941;1942;1;+
chrM;1948;1949;1;+
chrM;1949;1950;2;+
chrM;1950;1951;3;+
chrM;1954;1955;12;+
chrM;1957;1958;11;+
chrM;1958;1959;6;+
chrM;1960;1961;1;+
chrM;1961;1962;1;+
chrM;1962;1963;6;+
chrM;1963;1964;12;+
chrM;1964;1965;2;+
chrM;1965;1966;1;+
chrM;1966;1967;3;+
chrM;1969;1970;3;+
chrM;1970;1971;1;+
chrM;1971;1972;2;+
chrM;1972;1973;3;+
chrM;1973;1974;4;+
chrM;1974;1975;8;+
chrM;1975;1976;11;+
chrM;1976;1977;4;+
chrM;1977;1978;4;+
chrM;1978;1979;8;+
chrM;1979;1980;5;+
chrM;1980;1981;3;+
chrM;1981;1982;3;+
chrM;1982;1983;4;+
chrM;1983;1984;3;+
chrM;1984;1985;2;+
chrM;1985;1986;16;+
chrM;1986;1987;40;+
chrM;1987;1988;3;+
chrM;1988;1989;9;+
chrM;1989;1990;23;+
chrM;1990;1991;11;+
chrM;1991;1992;1;+
chrM;1992;1993;3;+
chrM;1993;1994;14;+
chrM;1994;1995;2;+
chrM;1999;2000;2;+
chrM;2003;2004;3;+
chrM;2004;2005;2;+
chrM;2005;2006;7;+
chrM;2006;2007;8;+
chrM;2007;2008;15;+
chrM;2008;2009;45;+
chrM;2009;2010;36;+
chrM;2010;2011;24;+
chrM;2011;2012;11;+
chrM;2012;2013;4;+
chrM;2013;2014;2;+
chrM;2015;2016;3;+
chrM;2016;2017;5;+
chrM;2018;2019;9;+
chrM;2025;2026;36;+
chrM;2026;2027;18;+
chrM;2027;2028;2;+
chrM;2028;2029;3;+
chrM;2029;2030;2;+
chrM;2030;2031;2;+
chrM;2031;2032;6;+
chrM;2032;2033;2;+
chrM;2033;2034;2;+
chrM;2034;2035;9;+
chrM;2035;2036;2;+
chrM;2040;2041;1;+
chrM;2042;2043;2;+
chrM;2043;2044;3;+
chrM;2045;2046;1;+
chrM;2046;2047;6;+
chrM;2047;2048;1;+
chrM;2048;2049;2;+
chrM;2051;2052;6;+
chrM;2054;2055;1;+
chrM;2055;2056;1;+
chrM;2056;2057;1;+
chrM;2059;2060;10;+
chrM;2062;2063;21;+
chrM;2063;2064;1;+
chrM;2064;2065;3;+
chrM;2065;2066;12;+
chrM;2066;2067;5;+
chrM;2067;2068;3;+
chrM;2068;2069;5;+
chrM;2071;2072;3;+
chrM;2072;2073;7;+
chrM;2073;2074;4;+
chrM;2074;2075;7;+
chrM;2075;2076;17;+
chrM;2077;2078;1;+
chrM;2079;2080;6;+
chrM;2080;2081;21;+
chrM;2081;2082;3;+
chrM;2082;2083;6;+
chrM;2083;2084;7;+
chrM;2084;2085;1;+
chrM;2085;2086;3;+
chrM;2086;2087;5;+
chrM;2087;2088;17;+
chrM;2088;2089;8;+
chrM;2090;2091;4;+
chrM;2091;2092;5;+
chrM;2092;2093;4;+
chrM;2093;2094;1;+
chrM;2094;2095;3;+
chrM;2095;2096;6;+
chrM;2096;2097;5;+
chrM;2097;2098;2;+
chrM;2098;2099;3;+
chrM;2101;2102;2;+
chrM;2102;2103;3;+
chrM;2107;2108;1;+
chrM;2108;2109;18;+
chrM;2109;2110;4;+
chrM;2110;2111;3;+
chrM;2111;2112;15;+
chrM;2112;2113;15;+
chrM;2114;2115;1;+
chrM;2117;2118;1;+
chrM;2120;2121;3;+
chrM;2121;2122;3;+
chrM;2153;2154;3;+
chrM;2154;2155;1;+
chrM;2155;2156;9;+
chrM;2156;2157;31;+
chrM;2158;2159;7;+
chrM;2162;2163;1;+
chrM;2163;2164;1;+
chrM;2197;2198;1;+
chrM;2231;2232;7;+
chrM;2233;2234;1;+
chrM;2239;2240;1;+
chrM;2247;2248;1;+
chrM;2248;2249;3;+
chrM;2249;2250;3;+
chrM;2250;2251;5;+
chrM;2251;2252;1;+
chrM;2283;2284;5;+
chrM;2320;2321;1;+
chrM;2323;2324;1;+
chrM;2330;2331;1;+
chrM;2336;2337;1;+
chrM;2338;2339;5;+
chrM;2339;2340;2;+
chrM;2340;2341;1;+
chrM;2341;2342;1;+
chrM;2350;2351;2;+
chrM;2353;2354;2;+
chrM;2354;2355;1;+
chrM;2356;2357;2;+
chrM;2357;2358;8;+
chrM;2358;2359;11;+
chrM;2359;2360;1;+
chrM;2361;2362;40;+
chrM;2362;2363;19;+
chrM;2363;2364;1;+
chrM;2369;2370;6;+
chrM;2370;2371;7;+
chrM;2371;2372;12;+
chrM;2372;2373;1;+
chrM;2373;2374;2;+
chrM;2374;2375;10;+
chrM;2375;2376;4;+
chrM;2377;2378;1;+
chrM;2380;2381;1;+
chrM;2381;2382;2;+
chrM;2382;2383;2;+
chrM;2383;2384;3;+
chrM;2384;2385;9;+
chrM;2385;2386;9;+
chrM;2386;2387;2;+
chrM;2388;2389;1;+
chrM;2389;2390;1;+
chrM;2390;2391;4;+
chrM;2391;2392;12;+
chrM;2398;2399;1;+
chrM;2399;2400;1;+
chrM;2401;2402;1;+
chrM;2402;2403;1;+
chrM;2403;2404;2;+
chrM;2405;2406;1;+
chrM;2407;2408;1;+
chrM;2408;2409;1;+
chrM;2409;2410;5;+
chrM;2410;2411;3;+
chrM;2411;2412;6;+
chrM;2412;2413;3;+
chrM;2415;2416;3;+
chrM;2417;2418;12;+
chrM;2418;2419;50;+
chrM;2419;2420;9;+
chrM;2423;2424;1;+
chrM;2424;2425;4;+
chrM;2425;2426;16;+
chrM;2426;2427;2;+
chrM;2427;2428;1;+
chrM;2428;2429;3;+
chrM;2429;2430;14;+
chrM;2430;2431;21;+
chrM;2431;2432;15;+
chrM;2432;2433;4;+
chrM;2433;2434;2;+
chrM;2434;2435;1;+
chrM;2436;2437;1;+
chrM;2437;2438;3;+
chrM;2438;2439;5;+
chrM;2440;2441;2;+
chrM;2441;2442;7;+
chrM;2443;2444;2;+
chrM;2444;2445;4;+
chrM;2445;2446;2;+
chrM;2446;2447;4;+
chrM;2447;2448;2;+
chrM;2448;2449;1;+
chrM;2449;2450;4;+
chrM;2451;2452;45;+
chrM;2452;2453;19;+
chrM;2453;2454;2;+
chrM;2454;2455;1;+
chrM;2455;2456;5;+
chrM;2456;2457;6;+
chrM;2457;2458;10;+
chrM;2458;2459;17;+
chrM;2459;2460;26;+
chrM;2460;2461;1;+
chrM;2461;2462;2;+
chrM;2462;2463;1;+
chrM;2465;2466;5;+
chrM;2466;2467;6;+
chrM;2469;2470;1;+
chrM;2471;2472;1;+
chrM;2472;2473;1;+
chrM;2473;2474;1;+
chrM;2474;2475;3;+
chrM;2475;2476;1;+
chrM;2476;2477;1;+
chrM;2477;2478;2;+
chrM;2478;2479;10;+
chrM;2479;2480;6;+
chrM;2481;2482;1;+
chrM;2482;2483;2;+
chrM;2483;2484;1;+
chrM;2484;2485;1;+
chrM;2485;2486;18;+
chrM;2486;2487;6;+
chrM;2487;2488;1;+
chrM;2488;2489;8;+
chrM;2489;2490;7;+
chrM;2490;2491;1;+
chrM;2491;2492;1;+
chrM;2492;2493;1;+
chrM;2496;2497;1;+
chrM;2497;2498;4;+
chrM;2498;2499;1;+
chrM;2499;2500;4;+
chrM;2500;2501;8;+
chrM;2501;2502;3;+
chrM;2502;2503;2;+
chrM;2503;2504;9;+
chrM;2504;2505;2;+
chrM;2505;2506;2;+
chrM;2507;2508;2;+
chrM;2508;2509;8;+
chrM;2509;2510;8;+
chrM;2510;2511;23;+
chrM;2511;2512;1;+
chrM;2512;2513;1;+
chrM;2513;2514;1;+
chrM;2514;2515;2;+
chrM;2515;2516;4;+
chrM;2516;2517;4;+
chrM;2517;2518;5;+
chrM;2519;2520;5;+
chrM;2520;2521;29;+
chrM;2521;2522;42;+
chrM;2522;2523;20;+
chrM;2524;2525;1;+
chrM;2525;2526;5;+
chrM;2526;2527;2;+
chrM;2529;2530;4;+
chrM;2530;2531;13;+
chrM;2531;2532;13;+
chrM;2532;2533;6;+
chrM;2533;2534;6;+
chrM;2534;2535;14;+
chrM;2535;2536;22;+
chrM;2536;2537;32;+
chrM;2537;2538;15;+
chrM;2538;2539;2;+
chrM;2541;2542;1;+
chrM;2542;2543;3;+
chrM;2545;2546;7;+
chrM;2546;2547;4;+
chrM;2550;2551;1;+
chrM;2551;2552;1;+
chrM;2552;2553;6;+
chrM;2553;2554;25;+
chrM;2554;2555;5;+
chrM;2555;2556;1;+
chrM;2586;2587;5;+
chrM;2587;2588;2;+
chrM;2588;2589;1;+
chrM;2589;2590;2;+
chrM;2590;2591;7;+
chrM;2591;2592;3;+
chrM;2595;2596;2;+
chrM;2598;2599;6;+
chrM;2601;2602;1;+
chrM;2604;2605;2;+
chrM;2605;2606;6;+
chrM;2606;2607;6;+
chrM;2639;2640;1;+
chrM;2640;2641;1;+
chrM;2651;2652;2;+
chrM;2654;2655;3;+
chrM;2655;2656;2;+
chrM;2656;2657;1;+
chrM;2657;2658;6;+
chrM;2660;2661;6;+
chrM;2664;2665;6;+
chrM;2665;2666;9;+
chrM;2668;2669;1;+
chrM;2669;2670;5;+
chrM;2670;2671;1;+
chrM;2671;2672;2;+
chrM;2672;2673;2;+
chrM;2673;2674;1;+
chrM;2674;2675;1;+
chrM;2675;2676;1;+
chrM;2678;2679;1;+
chrM;2680;2681;6;+
chrM;2681;2682;23;+
chrM;2682;2683;12;+
chrM;2683;2684;8;+
chrM;2684;2685;6;+
chrM;2686;2687;6;+
chrM;2690;2691;1;+
chrM;2700;2701;1;+
chrM;2701;2702;2;+
chrM;2702;2703;4;+
chrM;2703;2704;19;+
chrM;2704;2705;16;+
chrM;2707;2708;1;+
chrM;2711;2712;1;+
chrM;2714;2715;1;+
chrM;2718;2719;1;+
chrM;2720;2721;1;+
chrM;2721;2722;2;+
chrM;2725;2726;8;+
chrM;2726;2727;5;+
chrM;2727;2728;3;+
chrM;2728;2729;1;+
chrM;2729;2730;1;+
chrM;2730;2731;1;+
chrM;2731;2732;1;+
chrM;2733;2734;1;+
chrM;2739;2740;1;+
chrM;2741;2742;1;+
chrM;2743;2744;1;+
chrM;2744;2745;1;+
chrM;2745;2746;1;+
chrM;2746;2747;1;+
chrM;2749;2750;1;+
chrM;2751;2752;2;+
chrM;2752;2753;2;+
chrM;2753;2754;1;+
chrM;2757;2758;1;+
chrM;2758;2759;1;+
chrM;2759;2760;1;+
chrM;2761;2762;1;+
chrM;2764;2765;1;+
chrM;2767;2768;1;+
chrM;2770;2771;5;+
chrM;2771;2772;1;+
chrM;2772;2773;1;+
chrM;2774;2775;1;+
chrM;2775;2776;2;+
chrM;2776;2777;2;+
chrM;2778;2779;1;+
chrM;2783;2784;3;+
chrM;2784;2785;2;+
chrM;2785;2786;3;+
chrM;2786;2787;7;+
chrM;2787;2788;3;+
chrM;2788;2789;1;+
chrM;2791;2792;3;+
chrM;2795;2796;3;+
chrM;2796;2797;2;+
chrM;2797;2798;5;+
chrM;2798;2799;4;+
chrM;2799;2800;5;+
chrM;2800;2801;2;+
chrM;2804;2805;6;+
chrM;2821;2822;2;+
chrM;2848;2849;3;+
chrM;2849;2850;1;+
chrM;2850;2851;4;+
chrM;2851;2852;53;+
chrM;2852;2853;15;+
chrM;2853;2854;1;+
chrM;2855;2856;1;+
chrM;2857;2858;1;+
chrM;2858;2859;7;+
chrM;2859;2860;5;+
chrM;2860;2861;19;+
chrM;2861;2862;31;+
chrM;2862;2863;1;+
chrM;2864;2865;3;+
chrM;2865;2866;1;+
chrM;2867;2868;1;+
chrM;2869;2870;3;+
chrM;2871;2872;6;+
chrM;2872;2873;1;+
chrM;2873;2874;4;+
chrM;2874;2875;9;+
chrM;2875;2876;15;+
chrM;2876;2877;11;+
chrM;2877;2878;1;+
chrM;2879;2880;2;+
chrM;2880;2881;10;+
chrM;2881;2882;8;+
chrM;2882;2883;9;+
chrM;2883;2884;7;+
chrM;2884;2885;1;+
chrM;2885;2886;1;+
chrM;2889;2890;4;+
chrM;2893;2894;5;+
chrM;2929;2930;4;+
chrM;2930;2931;1;+
chrM;2935;2936;4;+
chrM;2936;2937;3;+
chrM;2937;2938;1;+
chrM;2938;2939;7;+
chrM;2939;2940;2;+
chrM;2940;2941;1;+
chrM;2944;2945;3;+
chrM;2947;2948;3;+
chrM;2948;2949;5;+
chrM;2949;2950;1;+
chrM;2950;2951;8;+
chrM;2951;2952;2;+
chrM;2958;2959;8;+
chrM;2959;2960;1;+
chrM;2971;2972;3;+
chrM;2972;2973;5;+
chrM;2973;2974;4;+
chrM;2974;2975;6;+
chrM;2975;2976;7;+
chrM;2978;2979;4;+
chrM;2980;2981;4;+
chrM;2982;2983;1;+
chrM;2983;2984;7;+
chrM;2984;2985;1;+
chrM;2985;2986;2;+
chrM;2986;2987;1;+
chrM;2987;2988;9;+
chrM;2988;2989;1;+
chrM;2989;2990;3;+
chrM;2990;2991;1;+
chrM;2991;2992;3;+
chrM;2992;2993;6;+
chrM;2993;2994;1;+
chrM;2995;2996;5;+
chrM;2996;2997;1;+
chrM;2997;2998;2;+
chrM;3001;3002;2;+
chrM;3002;3003;2;+
chrM;3003;3004;5;+
chrM;3004;3005;4;+
chrM;3007;3008;2;+
chrM;3008;3009;2;+
chrM;3009;3010;4;+
chrM;3010;3011;6;+
chrM;3011;3012;2;+
chrM;3013;3014;3;+
chrM;3038;3039;1;+
chrM;3042;3043;1;+
chrM;3043;3044;4;+
chrM;3048;3049;6;+
chrM;3049;3050;12;+
chrM;3050;3051;1;+
chrM;3051;3052;4;+
chrM;3052;3053;3;+
chrM;3053;3054;6;+
chrM;3054;3055;1;+
chrM;3069;3070;1;+
chrM;3070;3071;4;+
chrM;3071;3072;5;+
chrM;3073;3074;1;+
chrM;3076;3077;2;+
chrM;3077;3078;4;+
chrM;3078;3079;1;+
chrM;3079;3080;2;+
chrM;3080;3081;4;+
chrM;3081;3082;17;+
chrM;3082;3083;6;+
chrM;3084;3085;1;+
chrM;3085;3086;7;+
chrM;3086;3087;2;+
chrM;3087;3088;4;+
chrM;3088;3089;3;+
chrM;3092;3093;4;+
chrM;3093;3094;5;+
chrM;3094;3095;5;+
chrM;3095;3096;3;+
chrM;3096;3097;2;+
chrM;3098;3099;2;+
chrM;3099;3100;3;+
chrM;3100;3101;5;+
chrM;3103;3104;5;+
chrM;3105;3106;1;+
chrM;3106;3107;11;+
chrM;3112;3113;7;+
chrM;3119;3120;2;+
chrM;3122;3123;1;+
chrM;3123;3124;4;+
chrM;3124;3125;6;+
chrM;3125;3126;6;+
chrM;3126;3127;8;+
chrM;3127;3128;1;+
chrM;3131;3132;1;+
chrM;3132;3133;6;+
chrM;3133;3134;6;+
chrM;3136;3137;4;+
chrM;3137;3138;1;+
chrM;3140;3141;7;+
chrM;3141;3142;14;+
chrM;3142;3143;30;+
chrM;3143;3144;1;+
chrM;3144;3145;1;+
chrM;3145;3146;4;+
chrM;3146;3147;1;+
chrM;3148;3149;1;+
chrM;3150;3151;3;+
chrM;3151;3152;13;+
chrM;3152;3153;3;+
chrM;3153;3154;2;+
chrM;3177;3178;12;+
chrM;3181;3182;2;+
chrM;3182;3183;1;+
chrM;3185;3186;4;+
chrM;3186;3187;3;+
chrM;3187;3188;2;+
chrM;3189;3190;1;+
chrM;3190;3191;6;+
chrM;3191;3192;7;+
chrM;3194;3195;1;+
chrM;3197;3198;2;+
chrM;3198;3199;8;+
chrM;3205;3206;5;+
chrM;3206;3207;2;+
chrM;3211;3212;2;+
chrM;3217;3218;2;+
chrM;3222;3223;4;+
chrM;3223;3224;9;+
chrM;3224;3225;1;+
chrM;3225;3226;1;+
chrM;3226;3227;3;+
chrM;3227;3228;6;+
chrM;3228;3229;4;+
chrM;3229;3230;2;+
chrM;3256;3257;11;+
chrM;3257;3258;1;+
chrM;3258;3259;1;+
chrM;3259;3260;1;+
chrM;3261;3262;3;+
chrM;3262;3263;5;+
chrM;3263;3264;5;+
chrM;3264;3265;2;+
chrM;3265;3266;1;+
chrM;3267;3268;2;+
chrM;3268;3269;4;+
chrM;3269;3270;3;+
chrM;3274;3275;2;+
chrM;3275;3276;2;+
chrM;3276;3277;2;+
chrM;3277;3278;1;+
chrM;3278;3279;3;+
chrM;3279;3280;7;+
chrM;3280;3281;15;+
chrM;3281;3282;7;+
chrM;3282;3283;3;+
chrM;3283;3284;5;+
chrM;3286;3287;9;+
chrM;3287;3288;3;+
chrM;3290;3291;18;+
chrM;3291;3292;5;+
chrM;3296;3297;13;+
chrM;3297;3298;3;+
chrM;3298;3299;1;+
chrM;3304;3305;3;+
chrM;3319;3320;12;+
chrM;3320;3321;2;+
chrM;3321;3322;4;+
chrM;3322;3323;17;+
chrM;3323;3324;3;+
chrM;3324;3325;4;+
chrM;3325;3326;3;+
chrM;3328;3329;1;+
chrM;3329;3330;1;+
chrM;3332;3333;2;+
chrM;3333;3334;5;+
chrM;3334;3335;12;+
chrM;3335;3336;5;+
chrM;3336;3337;4;+
chrM;3337;3338;3;+
chrM;3338;3339;11;+
chrM;3339;3340;10;+
chrM;3340;3341;7;+
chrM;3360;3361;3;+
chrM;3364;3365;7;+
chrM;3365;3366;3;+
chrM;3366;3367;3;+
chrM;3367;3368;2;+
chrM;3369;3370;1;+
chrM;3375;3376;2;+
chrM;3376;3377;7;+
chrM;3377;3378;2;+
chrM;3378;3379;9;+
chrM;3379;3380;14;+
chrM;3380;3381;2;+
chrM;3381;3382;1;+
chrM;3382;3383;2;+
chrM;3383;3384;1;+
chrM;3386;3387;5;+
chrM;3387;3388;6;+
chrM;3388;3389;6;+
chrM;3389;3390;1;+
chrM;3390;3391;2;+
chrM;3391;3392;2;+
chrM;3395;3396;4;+
chrM;3396;3397;13;+
chrM;3397;3398;12;+
chrM;3398;3399;1;+
chrM;3399;3400;1;+
chrM;3400;3401;6;+
chrM;3401;3402;8;+
chrM;3402;3403;13;+
chrM;3403;3404;6;+
chrM;3404;3405;4;+
chrM;3405;3406;4;+
chrM;3406;3407;10;+
chrM;3407;3408;4;+
chrM;3410;3411;2;+
chrM;3411;3412;6;+
chrM;3412;3413;13;+
chrM;3413;3414;8;+
chrM;3414;3415;3;+
chrM;3427;3428;7;+
chrM;3440;3441;1;+
chrM;3455;3456;1;+
chrM;3456;3457;2;+
chrM;3457;3458;3;+
chrM;3458;3459;5;+
chrM;3459;3460;9;+
chrM;3460;3461;14;+
chrM;3461;3462;2;+
chrM;3463;3464;1;+
chrM;3464;3465;1;+
chrM;3467;3468;2;+
chrM;3470;3471;1;+
chrM;3473;3474;2;+
chrM;3474;3475;4;+
chrM;3476;3477;1;+
chrM;3477;3478;6;+
chrM;3478;3479;11;+
chrM;3480;3481;1;+
chrM;3481;3482;3;+
chrM;3483;3484;2;+
chrM;3484;3485;5;+
chrM;3492;3493;7;+
chrM;3497;3498;3;+
chrM;3505;3506;9;+
chrM;3506;3507;3;+
chrM;3507;3508;1;+
chrM;3534;3535;1;+
chrM;3535;3536;3;+
chrM;3537;3538;2;+
chrM;3538;3539;5;+
chrM;3539;3540;3;+
chrM;3540;3541;8;+
chrM;3541;3542;6;+
chrM;3544;3545;7;+
chrM;3545;3546;1;+
chrM;3546;3547;1;+
chrM;3547;3548;6;+
chrM;3548;3549;1;+
chrM;3550;3551;3;+
chrM;3551;3552;1;+
chrM;3553;3554;1;+
chrM;3554;3555;1;+
chrM;3555;3556;1;+
chrM;3556;3557;3;+
chrM;3557;3558;2;+
chrM;3558;3559;1;+
chrM;3559;3560;1;+
chrM;3560;3561;1;+
chrM;3561;3562;11;+
chrM;3562;3563;19;+
chrM;3563;3564;1;+
chrM;3564;3565;1;+
chrM;3565;3566;8;+
chrM;3566;3567;7;+
chrM;3569;3570;3;+
chrM;3570;3571;8;+
chrM;3571;3572;21;+
chrM;3572;3573;2;+
chrM;3573;3574;2;+
chrM;3574;3575;13;+
chrM;3575;3576;1;+
chrM;3577;3578;4;+
chrM;3578;3579;3;+
chrM;3579;3580;1;+
chrM;3582;3583;3;+
chrM;3583;3584;6;+
chrM;3584;3585;9;+
chrM;3586;3587;2;+
chrM;3587;3588;13;+
chrM;3588;3589;7;+
chrM;3589;3590;2;+
chrM;3590;3591;3;+
chrM;3591;3592;10;+
chrM;3592;3593;13;+
chrM;3593;3594;8;+
chrM;3596;3597;2;+
chrM;3597;3598;10;+
chrM;3598;3599;1;+
chrM;3600;3601;7;+
chrM;3609;3610;1;+
chrM;3610;3611;2;+
chrM;3616;3617;5;+
chrM;3630;3631;3;+
chrM;3631;3632;7;+
chrM;3632;3633;1;+
chrM;3633;3634;1;+
chrM;3634;3635;8;+
chrM;3635;3636;9;+
chrM;3636;3637;8;+
chrM;3637;3638;18;+
chrM;3638;3639;3;+
chrM;3639;3640;2;+
chrM;3640;3641;2;+
chrM;3641;3642;2;+
chrM;3642;3643;1;+
chrM;3643;3644;7;+
chrM;3644;3645;2;+
chrM;3645;3646;3;+
chrM;3646;3647;8;+
chrM;3647;3648;5;+
chrM;3648;3649;2;+
chrM;3651;3652;2;+
chrM;3652;3653;5;+
chrM;3653;3654;5;+
chrM;3655;3656;2;+
chrM;3656;3657;2;+
chrM;3657;3658;2;+
chrM;3658;3659;12;+
chrM;3659;3660;1;+
chrM;3660;3661;2;+
chrM;3661;3662;4;+
chrM;3662;3663;2;+
chrM;3667;3668;1;+
chrM;3668;3669;1;+
chrM;3669;3670;2;+
chrM;3670;3671;2;+
chrM;3671;3672;1;+
chrM;3672;3673;2;+
chrM;3673;3674;20;+
chrM;3674;3675;6;+
chrM;3682;3683;2;+
chrM;3683;3684;1;+
chrM;3684;3685;1;+
chrM;3742;3743;10;+
chrM;3752;3753;1;+
chrM;3754;3755;1;+
chrM;3755;3756;1;+
chrM;3756;3757;1;+
chrM;3757;3758;10;+
chrM;3758;3759;4;+
chrM;3762;3763;3;+
chrM;3763;3764;2;+
chrM;3764;3765;5;+
chrM;3767;3768;3;+
chrM;3779;3780;1;+
chrM;3808;3809;2;+
chrM;3809;3810;2;+
chrM;3818;3819;3;+
chrM;3819;3820;4;+
chrM;3820;3821;2;+
chrM;3823;3824;2;+
chrM;3835;3836;2;+
chrM;3836;3837;1;+
chrM;3847;3848;7;+
chrM;3848;3849;1;+
chrM;3850;3851;2;+
chrM;3851;3852;4;+
chrM;3852;3853;2;+
chrM;3853;3854;5;+
chrM;3854;3855;2;+
chrM;3856;3857;2;+
chrM;3857;3858;3;+
chrM;3858;3859;1;+
chrM;3864;3865;1;+
chrM;3866;3867;1;+
chrM;3869;3870;2;+
chrM;3870;3871;5;+
chrM;3871;3872;4;+
chrM;3873;3874;6;+
chrM;3874;3875;7;+
chrM;3875;3876;9;+
chrM;3876;3877;4;+
chrM;3879;3880;1;+
chrM;3880;3881;5;+
chrM;3881;3882;10;+
chrM;3882;3883;16;+
chrM;3883;3884;31;+
chrM;3884;3885;8;+
chrM;3885;3886;1;+
chrM;3888;3889;1;+
chrM;3889;3890;1;+
chrM;3891;3892;1;+
chrM;3892;3893;3;+
chrM;3893;3894;2;+
chrM;3895;3896;2;+
chrM;3902;3903;1;+
chrM;3903;3904;1;+
chrM;3909;3910;8;+
chrM;3911;3912;1;+
chrM;3912;3913;4;+
chrM;3913;3914;2;+
chrM;3921;3922;1;+
chrM;3922;3923;5;+
chrM;3925;3926;1;+
chrM;3926;3927;1;+
chrM;3927;3928;1;+
chrM;3928;3929;3;+
chrM;3929;3930;8;+
chrM;3930;3931;8;+
chrM;3932;3933;1;+
chrM;3933;3934;3;+
chrM;3934;3935;14;+
chrM;3935;3936;4;+
chrM;3936;3937;1;+
chrM;3937;3938;4;+
chrM;3938;3939;1;+
chrM;3940;3941;3;+
chrM;3941;3942;6;+
chrM;3942;3943;1;+
chrM;3943;3944;2;+
chrM;3944;3945;4;+
chrM;3945;3946;2;+
chrM;3946;3947;1;+
chrM;3947;3948;2;+
chrM;3948;3949;9;+
chrM;3949;3950;1;+
chrM;3952;3953;2;+
chrM;3953;3954;3;+
chrM;3954;3955;1;+
chrM;3956;3957;6;+
chrM;3959;3960;1;+
chrM;3960;3961;7;+
chrM;3961;3962;3;+
chrM;3990;3991;21;+
chrM;3991;3992;2;+
chrM;3993;3994;1;+
chrM;3995;3996;4;+
chrM;3996;3997;11;+
chrM;3998;3999;1;+
chrM;3999;4000;1;+
chrM;4002;4003;8;+
chrM;4004;4005;5;+
chrM;4005;4006;20;+
chrM;4007;4008;2;+
chrM;4008;4009;5;+
chrM;4009;4010;3;+
chrM;4010;4011;7;+
chrM;4011;4012;24;+
chrM;4012;4013;9;+
chrM;4013;4014;9;+
chrM;4017;4018;1;+
chrM;4018;4019;8;+
chrM;4019;4020;3;+
chrM;4020;4021;7;+
chrM;4021;4022;7;+
chrM;4022;4023;7;+
chrM;4023;4024;11;+
chrM;4024;4025;1;+
chrM;4026;4027;9;+
chrM;4027;4028;1;+
chrM;4030;4031;2;+
chrM;4086;4087;1;+
chrM;4088;4089;1;+
chrM;4091;4092;5;+
chrM;4104;4105;7;+
chrM;4105;4106;3;+
chrM;4106;4107;2;+
chrM;4107;4108;3;+
chrM;4108;4109;3;+
chrM;4109;4110;3;+
chrM;4110;4111;5;+
chrM;4111;4112;6;+
chrM;4112;4113;19;+
chrM;4113;4114;11;+
chrM;4114;4115;1;+
chrM;4118;4119;1;+
chrM;4120;4121;1;+
chrM;4123;4124;5;+
chrM;4124;4125;6;+
chrM;4125;4126;26;+
chrM;4126;4127;9;+
chrM;4127;4128;8;+
chrM;4128;4129;15;+
chrM;4176;4177;1;+
chrM;4178;4179;3;+
chrM;4179;4180;1;+
chrM;4182;4183;2;+
chrM;4183;4184;1;+
chrM;4186;4187;1;+
chrM;4187;4188;2;+
chrM;4188;4189;3;+
chrM;4201;4202;3;+
chrM;4203;4204;1;+
chrM;4214;4215;1;+
chrM;4215;4216;1;+
chrM;4216;4217;8;+
chrM;4217;4218;19;+
chrM;4218;4219;9;+
chrM;4220;4221;3;+
chrM;4221;4222;5;+
chrM;4222;4223;8;+
chrM;4223;4224;7;+
chrM;4224;4225;1;+
chrM;4229;4230;1;+
chrM;4230;4231;8;+
chrM;4232;4233;2;+
chrM;4233;4234;5;+
chrM;4234;4235;2;+
chrM;4235;4236;5;+
chrM;4236;4237;5;+
chrM;4237;4238;1;+
chrM;4238;4239;4;+
chrM;4239;4240;4;+
chrM;4240;4241;4;+
chrM;4241;4242;12;+
chrM;4242;4243;11;+
chrM;4243;4244;4;+
chrM;4246;4247;1;+
chrM;4247;4248;3;+
chrM;4248;4249;4;+
chrM;4249;4250;2;+
chrM;4250;4251;5;+
chrM;4260;4261;20;+
chrM;4262;4263;4;+
chrM;4265;4266;2;+
chrM;4266;4267;8;+
chrM;4269;4270;4;+
chrM;4270;4271;4;+
chrM;4271;4272;6;+
chrM;4274;4275;3;+
chrM;4275;4276;4;+
chrM;4276;4277;2;+
chrM;4278;4279;1;+
chrM;4279;4280;4;+
chrM;4280;4281;5;+
chrM;4281;4282;7;+
chrM;4282;4283;5;+
chrM;4283;4284;3;+
chrM;4284;4285;3;+
chrM;4285;4286;7;+
chrM;4286;4287;6;+
chrM;4287;4288;7;+
chrM;4288;4289;2;+
chrM;4289;4290;3;+
chrM;4292;4293;2;+
chrM;4293;4294;5;+
chrM;4295;4296;1;+
chrM;4308;4309;2;+
chrM;4311;4312;3;+
chrM;4314;4315;6;+
chrM;4322;4323;1;+
chrM;4323;4324;5;+
chrM;4324;4325;9;+
chrM;4332;4333;3;+
chrM;4333;4334;4;+
chrM;4334;4335;1;+
chrM;4342;4343;2;+
chrM;4343;4344;2;+
chrM;4344;4345;1;+
chrM;4351;4352;1;+
chrM;4352;4353;10;+
chrM;4353;4354;12;+
chrM;4354;4355;12;+
chrM;4355;4356;7;+
chrM;4356;4357;7;+
chrM;4358;4359;2;+
chrM;4359;4360;9;+
chrM;4360;4361;8;+
chrM;4362;4363;1;+
chrM;4363;4364;2;+
chrM;4364;4365;3;+
chrM;4365;4366;6;+
chrM;4366;4367;3;+
chrM;4369;4370;4;+
chrM;4372;4373;4;+
chrM;4373;4374;2;+
chrM;4374;4375;1;+
chrM;4382;4383;4;+
chrM;4383;4384;11;+
chrM;4386;4387;19;+
chrM;4387;4388;12;+
chrM;4389;4390;1;+
chrM;4390;4391;2;+
chrM;4393;4394;5;+
chrM;4394;4395;2;+
chrM;4395;4396;1;+
chrM;4396;4397;6;+
chrM;4399;4400;1;+
chrM;4401;4402;1;+
chrM;4402;4403;2;+
chrM;4403;4404;4;+
chrM;4404;4405;2;+
chrM;4406;4407;3;+
chrM;4407;4408;12;+
chrM;4451;4452;1;+
chrM;4452;4453;4;+
chrM;4453;4454;3;+
chrM;4454;4455;5;+
chrM;4455;4456;2;+
chrM;4458;4459;1;+
chrM;4461;4462;11;+
chrM;4462;4463;2;+
chrM;4463;4464;1;+
chrM;4475;4476;5;+
chrM;4476;4477;13;+
chrM;4477;4478;1;+
chrM;4478;4479;5;+
chrM;4479;4480;16;+
chrM;4480;4481;1;+
chrM;4482;4483;1;+
chrM;4484;4485;1;+
chrM;4485;4486;1;+
chrM;4487;4488;2;+
chrM;4488;4489;9;+
chrM;4489;4490;4;+
chrM;4490;4491;1;+
chrM;4494;4495;4;+
chrM;4498;4499;7;+
chrM;4499;4500;1;+
chrM;4501;4502;1;+
chrM;4502;4503;2;+
chrM;4504;4505;1;+
chrM;4505;4506;5;+
chrM;4506;4507;10;+
chrM;4507;4508;2;+
chrM;4509;4510;1;+
chrM;4510;4511;2;+
chrM;4511;4512;3;+
chrM;4512;4513;4;+
chrM;4513;4514;3;+
chrM;4514;4515;1;+
chrM;4515;4516;2;+
chrM;4516;4517;5;+
chrM;4518;4519;2;+
chrM;4522;4523;3;+
chrM;4523;4524;3;+
chrM;4526;4527;3;+
chrM;4527;4528;10;+
chrM;4528;4529;12;+
chrM;4530;4531;1;+
chrM;4533;4534;1;+
chrM;4534;4535;2;+
chrM;4535;4536;2;+
chrM;4537;4538;1;+
chrM;4544;4545;2;+
chrM;4545;4546;4;+
chrM;4546;4547;2;+
chrM;4548;4549;3;+
chrM;4549;4550;3;+
chrM;4550;4551;3;+
chrM;4551;4552;1;+
chrM;4552;4553;12;+
chrM;4553;4554;15;+
chrM;4554;4555;13;+
chrM;4555;4556;19;+
chrM;4591;4592;6;+
chrM;4592;4593;4;+
chrM;4593;4594;4;+
chrM;4594;4595;4;+
chrM;4595;4596;2;+
chrM;4597;4598;3;+
chrM;4630;4631;3;+
chrM;4632;4633;1;+
chrM;4635;4636;17;+
chrM;4636;4637;1;+
chrM;4637;4638;1;+
chrM;4638;4639;6;+
chrM;4639;4640;7;+
chrM;4640;4641;1;+
chrM;4642;4643;1;+
chrM;4644;4645;3;+
chrM;4645;4646;8;+
chrM;4646;4647;9;+
chrM;4647;4648;4;+
chrM;4649;4650;4;+
chrM;4650;4651;12;+
chrM;4651;4652;19;+
chrM;4652;4653;3;+
chrM;4656;4657;2;+
chrM;4659;4660;6;+
chrM;4660;4661;1;+
chrM;4661;4662;1;+
chrM;4662;4663;3;+
chrM;4663;4664;4;+
chrM;4664;4665;11;+
chrM;4665;4666;20;+
chrM;4667;4668;4;+
chrM;4668;4669;14;+
chrM;4669;4670;2;+
chrM;4670;4671;3;+
chrM;4671;4672;5;+
chrM;4672;4673;4;+
chrM;4673;4674;1;+
chrM;4674;4675;10;+
chrM;4675;4676;3;+
chrM;4677;4678;10;+
chrM;4678;4679;3;+
chrM;4733;4734;2;+
chrM;4734;4735;1;+
chrM;4735;4736;1;+
chrM;4767;4768;1;+
chrM;4769;4770;2;+
chrM;4770;4771;6;+
chrM;4771;4772;3;+
chrM;4772;4773;5;+
chrM;4773;4774;6;+
chrM;4775;4776;2;+
chrM;4776;4777;7;+
chrM;4777;4778;3;+
chrM;4780;4781;1;+
chrM;4781;4782;8;+
chrM;4782;4783;9;+
chrM;4783;4784;2;+
chrM;4785;4786;1;+
chrM;4786;4787;3;+
chrM;4787;4788;4;+
chrM;4794;4795;2;+
chrM;4795;4796;1;+
chrM;4796;4797;7;+
chrM;4797;4798;3;+
chrM;4798;4799;8;+
chrM;4799;4800;7;+
chrM;4800;4801;16;+
chrM;4801;4802;3;+
chrM;4803;4804;1;+
chrM;4805;4806;1;+
chrM;4807;4808;1;+
chrM;4808;4809;1;+
chrM;4809;4810;2;+
chrM;4810;4811;7;+
chrM;4873;4874;10;+
chrM;4875;4876;1;+
chrM;4877;4878;1;+
chrM;4878;4879;8;+
chrM;4879;4880;30;+
chrM;4880;4881;17;+
chrM;4882;4883;2;+
chrM;4883;4884;15;+
chrM;4884;4885;21;+
chrM;4885;4886;2;+
chrM;4892;4893;1;+
chrM;4893;4894;4;+
chrM;4894;4895;14;+
chrM;4908;4909;1;+
chrM;4911;4912;2;+
chrM;4912;4913;18;+
chrM;4913;4914;12;+
chrM;4914;4915;3;+
chrM;4915;4916;4;+
chrM;4916;4917;2;+
chrM;4919;4920;1;+
chrM;4920;4921;3;+
chrM;4921;4922;2;+
chrM;4922;4923;14;+
chrM;4923;4924;8;+
chrM;4924;4925;1;+
chrM;4925;4926;7;+
chrM;4926;4927;25;+
chrM;4927;4928;18;+
chrM;4928;4929;14;+
chrM;4929;4930;16;+
chrM;4930;4931;2;+
chrM;4931;4932;3;+
chrM;4938;4939;10;+
chrM;4939;4940;2;+
chrM;4941;4942;10;+
chrM;4942;4943;1;+
chrM;4946;4947;1;+
chrM;4949;4950;22;+
chrM;4950;4951;2;+
chrM;4951;4952;2;+
chrM;4952;4953;4;+
chrM;4954;4955;1;+
chrM;4955;4956;1;+
chrM;4957;4958;1;+
chrM;4959;4960;4;+
chrM;4960;4961;17;+
chrM;4961;4962;1;+
chrM;4962;4963;1;+
chrM;4964;4965;1;+
chrM;4965;4966;1;+
chrM;4966;4967;3;+
chrM;4967;4968;4;+
chrM;4969;4970;3;+
chrM;4970;4971;4;+
chrM;4971;4972;6;+
chrM;4972;4973;9;+
chrM;4973;4974;20;+
chrM;4998;4999;3;+
chrM;5000;5001;3;+
chrM;5001;5002;2;+
chrM;5002;5003;7;+
chrM;5003;5004;3;+
chrM;5006;5007;3;+
chrM;5007;5008;1;+
chrM;5008;5009;3;+
chrM;5011;5012;1;+
chrM;5012;5013;1;+
chrM;5014;5015;3;+
chrM;5016;5017;3;+
chrM;5017;5018;1;+
chrM;5021;5022;4;+
chrM;5022;5023;6;+
chrM;5023;5024;1;+
chrM;5024;5025;6;+
chrM;5025;5026;11;+
chrM;5026;5027;14;+
chrM;5027;5028;19;+
chrM;5028;5029;4;+
chrM;5032;5033;4;+
chrM;5033;5034;6;+
chrM;5035;5036;2;+
chrM;5036;5037;2;+
chrM;5046;5047;4;+
chrM;5051;5052;1;+
chrM;5056;5057;3;+
chrM;5060;5061;8;+
chrM;5061;5062;2;+
chrM;5063;5064;1;+
chrM;5064;5065;1;+
chrM;5065;5066;2;+
chrM;5074;5075;1;+
chrM;5076;5077;2;+
chrM;5077;5078;7;+
chrM;5078;5079;11;+
chrM;5084;5085;3;+
chrM;5090;5091;13;+
chrM;5092;5093;2;+
chrM;5129;5130;1;+
chrM;5130;5131;5;+
chrM;5131;5132;13;+
chrM;5132;5133;19;+
chrM;5133;5134;2;+
chrM;5135;5136;1;+
chrM;5136;5137;2;+
chrM;5139;5140;2;+
chrM;5140;5141;2;+
chrM;5141;5142;1;+
chrM;5142;5143;1;+
chrM;5146;5147;1;+
chrM;5147;5148;4;+
chrM;5148;5149;4;+
chrM;5149;5150;3;+
chrM;5150;5151;1;+
chrM;5151;5152;2;+
chrM;5152;5153;1;+
chrM;5153;5154;1;+
chrM;5154;5155;1;+
chrM;5182;5183;3;+
chrM;5183;5184;1;+
chrM;5184;5185;1;+
chrM;5185;5186;19;+
chrM;5186;5187;47;+
chrM;5187;5188;68;+
chrM;5188;5189;24;+
chrM;5189;5190;11;+
chrM;5190;5191;4;+
chrM;5191;5192;4;+
chrM;5192;5193;2;+
chrM;5194;5195;1;+
chrM;5195;5196;2;+
chrM;5197;5198;2;+
chrM;5200;5201;2;+
chrM;5201;5202;3;+
chrM;5203;5204;3;+
chrM;5204;5205;3;+
chrM;5213;5214;2;+
chrM;5215;5216;2;+
chrM;5216;5217;2;+
chrM;5218;5219;1;+
chrM;5219;5220;3;+
chrM;5220;5221;3;+
chrM;5222;5223;5;+
chrM;5223;5224;5;+
chrM;5229;5230;16;+
chrM;5230;5231;8;+
chrM;5237;5238;1;+
chrM;5240;5241;3;+
chrM;5246;5247;2;+
chrM;5266;5267;1;+
chrM;5268;5269;1;+
chrM;5269;5270;1;+
chrM;5271;5272;3;+
chrM;5272;5273;14;+
chrM;5273;5274;1;+
chrM;5274;5275;1;+
chrM;5276;5277;1;+
chrM;5282;5283;4;+
chrM;5283;5284;4;+
chrM;5284;5285;4;+
chrM;5285;5286;2;+
chrM;5286;5287;3;+
chrM;5288;5289;2;+
chrM;5291;5292;1;+
chrM;5292;5293;2;+
chrM;5298;5299;1;+
chrM;5299;5300;1;+
chrM;5300;5301;2;+
chrM;5301;5302;3;+
chrM;5302;5303;3;+
chrM;5303;5304;10;+
chrM;5309;5310;3;+
chrM;5313;5314;3;+
chrM;5314;5315;8;+
chrM;5315;5316;1;+
chrM;5316;5317;2;+
chrM;5317;5318;9;+
chrM;5318;5319;34;+
chrM;5319;5320;9;+
chrM;5320;5321;6;+
chrM;5325;5326;6;+
chrM;5326;5327;11;+
chrM;5327;5328;21;+
chrM;5328;5329;1;+
chrM;5329;5330;1;+
chrM;5330;5331;2;+
chrM;5331;5332;1;+
chrM;5332;5333;2;+
chrM;5333;5334;3;+
chrM;5334;5335;1;+
chrM;5335;5336;1;+
chrM;5336;5337;4;+
chrM;5340;5341;6;+
chrM;5341;5342;4;+
chrM;5342;5343;5;+
chrM;5361;5362;8;+
chrM;5363;5364;11;+
chrM;5364;5365;7;+
chrM;5367;5368;1;+
chrM;5368;5369;2;+
chrM;5371;5372;1;+
chrM;5372;5373;3;+
chrM;5373;5374;5;+
chrM;5374;5375;7;+
chrM;5375;5376;1;+
chrM;5377;5378;2;+
chrM;5378;5379;6;+
chrM;5379;5380;5;+
chrM;5380;5381;8;+
chrM;5381;5382;5;+
chrM;5382;5383;2;+
chrM;5385;5386;5;+
chrM;5386;5387;9;+
chrM;5388;5389;5;+
chrM;5389;5390;20;+
chrM;5390;5391;2;+
chrM;5392;5393;6;+
chrM;5393;5394;16;+
chrM;5394;5395;21;+
chrM;5395;5396;14;+
chrM;5397;5398;1;+
chrM;5398;5399;8;+
chrM;5399;5400;5;+
chrM;5400;5401;20;+
chrM;5401;5402;10;+
chrM;5403;5404;10;+
chrM;5404;5405;34;+
chrM;5405;5406;35;+
chrM;5406;5407;36;+
chrM;5407;5408;19;+
chrM;5408;5409;1;+
chrM;5410;5411;1;+
chrM;5411;5412;1;+
chrM;5412;5413;7;+
chrM;5413;5414;40;+
chrM;5414;5415;22;+
chrM;5415;5416;25;+
chrM;5416;5417;14;+
chrM;5417;5418;16;+
chrM;5418;5419;1;+
chrM;5419;5420;3;+
chrM;5420;5421;4;+
chrM;5421;5422;2;+
chrM;5422;5423;2;+
chrM;5423;5424;3;+
chrM;5424;5425;5;+
chrM;5425;5426;14;+
chrM;5426;5427;1;+
chrM;5427;5428;1;+
chrM;5428;5429;8;+
chrM;5429;5430;9;+
chrM;5435;5436;1;+
chrM;5440;5441;12;+
chrM;5441;5442;2;+
chrM;5442;5443;3;+
chrM;5443;5444;19;+
chrM;5444;5445;13;+
chrM;5445;5446;11;+
chrM;5446;5447;1;+
chrM;5449;5450;2;+
chrM;5451;5452;2;+
chrM;5452;5453;5;+
chrM;5453;5454;5;+
chrM;5454;5455;4;+
chrM;5457;5458;1;+
chrM;5458;5459;17;+
chrM;5459;5460;20;+
chrM;5460;5461;8;+
chrM;5461;5462;6;+
chrM;5462;5463;9;+
chrM;5464;5465;30;+
chrM;5465;5466;13;+
chrM;5466;5467;1;+
chrM;5478;5479;1;+
chrM;5482;5483;20;+
chrM;5489;5490;4;+
chrM;5490;5491;4;+
chrM;5493;5494;1;+
chrM;5494;5495;1;+
chrM;5497;5498;1;+
chrM;5498;5499;7;+
chrM;5499;5500;7;+
chrM;5500;5501;10;+
chrM;5501;5502;1;+
chrM;5504;5505;1;+
chrM;5505;5506;4;+
chrM;5506;5507;3;+
chrM;5507;5508;7;+
chrM;5508;5509;26;+
chrM;5509;5510;10;+
chrM;5510;5511;2;+
chrM;5511;5512;1;+
chrM;5512;5513;3;+
chrM;5513;5514;10;+
chrM;5514;5515;1;+
chrM;5516;5517;1;+
chrM;5517;5518;2;+
chrM;5518;5519;2;+
chrM;5519;5520;3;+
chrM;5521;5522;1;+
chrM;5541;5542;2;+
chrM;5542;5543;5;+
chrM;5543;5544;3;+
chrM;5552;5553;1;+
chrM;5553;5554;4;+
chrM;5554;5555;18;+
chrM;5555;5556;3;+
chrM;5556;5557;4;+
chrM;5557;5558;4;+
chrM;5558;5559;2;+
chrM;5559;5560;5;+
chrM;5560;5561;3;+
chrM;5561;5562;2;+
chrM;5562;5563;12;+
chrM;5563;5564;32;+
chrM;5564;5565;1;+
chrM;5565;5566;1;+
chrM;5569;5570;3;+
chrM;5571;5572;1;+
chrM;5572;5573;2;+
chrM;5574;5575;2;+
chrM;5575;5576;6;+
chrM;5576;5577;5;+
chrM;5577;5578;9;+
chrM;5578;5579;18;+
chrM;5579;5580;8;+
chrM;5581;5582;8;+
chrM;5582;5583;1;+
chrM;5588;5589;2;+
chrM;5589;5590;5;+
chrM;5590;5591;7;+
chrM;5593;5594;6;+
chrM;5594;5595;17;+
chrM;5596;5597;83;+
chrM;5619;5620;1;+
chrM;5630;5631;1;+
chrM;5632;5633;1;+
chrM;5635;5636;1;+
chrM;5637;5638;2;+
chrM;5638;5639;7;+
chrM;5639;5640;3;+
chrM;5640;5641;1;+
chrM;5641;5642;7;+
chrM;5644;5645;3;+
chrM;5645;5646;2;+
chrM;5646;5647;2;+
chrM;5647;5648;3;+
chrM;5648;5649;2;+
chrM;5649;5650;2;+
chrM;5650;5651;1;+
chrM;5651;5652;1;+
chrM;5655;5656;2;+
chrM;5656;5657;1;+
chrM;5657;5658;2;+
chrM;5659;5660;6;+
chrM;5660;5661;4;+
chrM;5661;5662;3;+
chrM;5683;5684;10;+
chrM;5695;5696;21;+
chrM;5698;5699;3;+
chrM;5699;5700;1;+
chrM;5700;5701;6;+
chrM;5701;5702;9;+
chrM;5703;5704;2;+
chrM;5704;5705;2;+
chrM;5707;5708;2;+
chrM;5708;5709;1;+
chrM;5709;5710;1;+
chrM;5711;5712;2;+
chrM;5712;5713;1;+
chrM;5714;5715;1;+
chrM;5715;5716;3;+
chrM;5716;5717;8;+
chrM;5717;5718;4;+
chrM;5718;5719;1;+
chrM;5719;5720;2;+
chrM;5720;5721;7;+
chrM;5721;5722;4;+
chrM;5722;5723;3;+
chrM;5723;5724;1;+
chrM;5725;5726;10;+
chrM;5726;5727;14;+
chrM;5727;5728;33;+
chrM;5728;5729;14;+
chrM;5733;5734;2;+
chrM;5734;5735;2;+
chrM;5737;5738;8;+
chrM;5738;5739;7;+
chrM;5739;5740;16;+
chrM;5740;5741;5;+
chrM;5743;5744;21;+
chrM;5749;5750;13;+
chrM;5750;5751;5;+
chrM;5751;5752;3;+
chrM;5752;5753;3;+
chrM;5754;5755;1;+
chrM;5755;5756;4;+
chrM;5757;5758;1;+
chrM;5759;5760;2;+
chrM;5760;5761;1;+
chrM;5761;5762;8;+
chrM;5762;5763;1;+
chrM;5764;5765;2;+
chrM;5771;5772;2;+
chrM;5772;5773;3;+
chrM;5773;5774;3;+
chrM;5775;5776;4;+
chrM;5776;5777;10;+
chrM;5777;5778;1;+
chrM;5778;5779;3;+
chrM;5779;5780;1;+
chrM;5780;5781;1;+
chrM;5781;5782;1;+
chrM;5782;5783;1;+
chrM;5784;5785;2;+
chrM;5785;5786;9;+
chrM;5786;5787;5;+
chrM;5787;5788;22;+
chrM;5788;5789;17;+
chrM;5789;5790;2;+
chrM;5790;5791;3;+
chrM;5791;5792;7;+
chrM;5792;5793;7;+
chrM;5793;5794;5;+
chrM;5794;5795;4;+
chrM;5797;5798;6;+
chrM;5798;5799;3;+
chrM;5801;5802;1;+
chrM;5805;5806;3;+
chrM;5806;5807;6;+
chrM;5807;5808;6;+
chrM;5809;5810;13;+
chrM;5810;5811;7;+
chrM;5813;5814;2;+
chrM;5841;5842;1;+
chrM;5858;5859;3;+
chrM;5859;5860;2;+
chrM;5860;5861;2;+
chrM;5861;5862;2;+
chrM;5862;5863;1;+
chrM;5864;5865;1;+
chrM;5865;5866;7;+
chrM;5866;5867;1;+
chrM;5870;5871;5;+
chrM;5871;5872;1;+
chrM;5872;5873;7;+
chrM;5873;5874;3;+
chrM;5874;5875;2;+
chrM;5875;5876;4;+
chrM;5876;5877;2;+
chrM;5879;5880;1;+
chrM;5880;5881;1;+
chrM;5882;5883;5;+
chrM;5883;5884;5;+
chrM;5884;5885;5;+
chrM;5887;5888;8;+
chrM;5888;5889;3;+
chrM;5889;5890;16;+
chrM;5890;5891;10;+
chrM;5892;5893;2;+
chrM;5893;5894;4;+
chrM;5894;5895;2;+
chrM;5899;5900;2;+
chrM;5901;5902;2;+
chrM;5902;5903;1;+
chrM;5903;5904;19;+
chrM;5904;5905;25;+
chrM;5905;5906;9;+
chrM;5906;5907;2;+
chrM;5907;5908;3;+
chrM;5908;5909;10;+
chrM;5909;5910;6;+
chrM;5910;5911;4;+
chrM;5911;5912;10;+
chrM;5912;5913;3;+
chrM;5913;5914;8;+
chrM;5914;5915;19;+
chrM;5915;5916;1;+
chrM;5916;5917;3;+
chrM;5920;5921;5;+
chrM;5922;5923;1;+
chrM;5923;5924;1;+
chrM;5924;5925;1;+
chrM;5925;5926;2;+
chrM;5926;5927;9;+
chrM;5928;5929;1;+
chrM;5929;5930;6;+
chrM;5930;5931;4;+
chrM;5931;5932;6;+
chrM;5932;5933;7;+
chrM;5933;5934;1;+
chrM;5934;5935;1;+
chrM;5935;5936;5;+
chrM;5936;5937;9;+
chrM;5938;5939;17;+
chrM;5966;5967;9;+
chrM;5969;5970;4;+
chrM;5970;5971;9;+
chrM;5971;5972;16;+
chrM;5972;5973;1;+
chrM;5975;5976;1;+
chrM;5977;5978;1;+
chrM;5978;5979;3;+
chrM;5980;5981;2;+
chrM;5984;5985;4;+
chrM;5985;5986;4;+
chrM;5988;5989;1;+
chrM;5991;5992;4;+
chrM;5992;5993;6;+
chrM;5993;5994;10;+
chrM;5994;5995;14;+
chrM;5995;5996;16;+
chrM;5996;5997;5;+
chrM;5997;5998;13;+
chrM;5998;5999;25;+
chrM;5999;6000;1;+
chrM;6000;6001;4;+
chrM;6001;6002;22;+
chrM;6002;6003;1;+
chrM;6003;6004;1;+
chrM;6004;6005;12;+
chrM;6005;6006;10;+
chrM;6006;6007;4;+
chrM;6007;6008;1;+
chrM;6008;6009;1;+
chrM;6009;6010;5;+
chrM;6010;6011;11;+
chrM;6011;6012;3;+
chrM;6015;6016;1;+
chrM;6016;6017;1;+
chrM;6017;6018;2;+
chrM;6018;6019;2;+
chrM;6021;6022;21;+
chrM;6022;6023;7;+
chrM;6023;6024;9;+
chrM;6024;6025;13;+
chrM;6025;6026;14;+
chrM;6026;6027;2;+
chrM;6028;6029;4;+
chrM;6029;6030;2;+
chrM;6030;6031;1;+
chrM;6032;6033;1;+
chrM;6033;6034;5;+
chrM;6034;6035;3;+
chrM;6035;6036;1;+
chrM;6037;6038;1;+
chrM;6038;6039;1;+
chrM;6039;6040;1;+
chrM;6041;6042;1;+
chrM;6042;6043;1;+
chrM;6043;6044;7;+
chrM;6044;6045;12;+
chrM;6045;6046;5;+
chrM;6046;6047;1;+
chrM;6047;6048;3;+
chrM;6048;6049;6;+
chrM;6049;6050;31;+
chrM;6050;6051;13;+
chrM;6051;6052;8;+
chrM;6052;6053;2;+
chrM;6054;6055;1;+
chrM;6055;6056;2;+
chrM;6068;6069;2;+
chrM;6069;6070;5;+
chrM;6070;6071;12;+
chrM;6071;6072;9;+
chrM;6072;6073;10;+
chrM;6073;6074;41;+
chrM;6074;6075;13;+
chrM;6075;6076;10;+
chrM;6076;6077;13;+
chrM;6079;6080;2;+
chrM;6081;6082;4;+
chrM;6082;6083;11;+
chrM;6091;6092;2;+
chrM;6092;6093;1;+
chrM;6093;6094;3;+
chrM;6094;6095;3;+
chrM;6095;6096;1;+
chrM;6096;6097;4;+
chrM;6097;6098;5;+
chrM;6121;6122;1;+
chrM;6123;6124;2;+
chrM;6124;6125;1;+
chrM;6126;6127;1;+
chrM;6127;6128;1;+
chrM;6128;6129;1;+
chrM;6129;6130;1;+
chrM;6130;6131;1;+
chrM;6143;6144;2;+
chrM;6147;6148;1;+
chrM;6148;6149;4;+
chrM;6149;6150;1;+
chrM;6150;6151;2;+
chrM;6151;6152;7;+
chrM;6152;6153;1;+
chrM;6153;6154;5;+
chrM;6154;6155;14;+
chrM;6155;6156;7;+
chrM;6157;6158;2;+
chrM;6160;6161;2;+
chrM;6161;6162;1;+
chrM;6162;6163;2;+
chrM;6163;6164;8;+
chrM;6164;6165;12;+
chrM;6167;6168;1;+
chrM;6168;6169;4;+
chrM;6169;6170;1;+
chrM;6170;6171;6;+
chrM;6171;6172;2;+
chrM;6172;6173;2;+
chrM;6174;6175;2;+
chrM;6175;6176;11;+
chrM;6176;6177;1;+
chrM;6177;6178;5;+
chrM;6178;6179;2;+
chrM;6179;6180;1;+
chrM;6182;6183;1;+
chrM;6184;6185;1;+
chrM;6185;6186;2;+
chrM;6186;6187;2;+
chrM;6187;6188;4;+
chrM;6193;6194;2;+
chrM;6195;6196;5;+
chrM;6196;6197;4;+
chrM;6198;6199;8;+
chrM;6200;6201;2;+
chrM;6201;6202;1;+
chrM;6202;6203;1;+
chrM;6206;6207;1;+
chrM;6208;6209;6;+
chrM;6211;6212;9;+
chrM;6214;6215;9;+
chrM;6215;6216;1;+
chrM;6217;6218;2;+
chrM;6218;6219;1;+
chrM;6219;6220;1;+
chrM;6221;6222;1;+
chrM;6222;6223;4;+
chrM;6223;6224;11;+
chrM;6226;6227;1;+
chrM;6227;6228;4;+
chrM;6228;6229;4;+
chrM;6229;6230;4;+
chrM;6230;6231;3;+
chrM;6231;6232;2;+
chrM;6232;6233;12;+
chrM;6233;6234;2;+
chrM;6234;6235;2;+
chrM;6235;6236;5;+
chrM;6236;6237;4;+
chrM;6237;6238;2;+
chrM;6242;6243;1;+
chrM;6243;6244;1;+
chrM;6247;6248;6;+
chrM;6249;6250;3;+
chrM;6250;6251;11;+
chrM;6251;6252;11;+
chrM;6252;6253;8;+
chrM;6253;6254;8;+
chrM;6254;6255;3;+
chrM;6256;6257;1;+
chrM;6258;6259;1;+
chrM;6263;6264;2;+
chrM;6264;6265;7;+
chrM;6265;6266;5;+
chrM;6266;6267;2;+
chrM;6270;6271;2;+
chrM;6272;6273;7;+
chrM;6274;6275;3;+
chrM;6275;6276;11;+
chrM;6276;6277;26;+
chrM;6277;6278;8;+
chrM;6278;6279;4;+
chrM;6279;6280;2;+
chrM;6280;6281;10;+
chrM;6281;6282;19;+
chrM;6282;6283;5;+
chrM;6285;6286;2;+
chrM;6286;6287;5;+
chrM;6287;6288;1;+
chrM;6288;6289;1;+
chrM;6292;6293;2;+
chrM;6293;6294;9;+
chrM;6294;6295;6;+
chrM;6295;6296;6;+
chrM;6296;6297;1;+
chrM;6297;6298;1;+
chrM;6298;6299;1;+
chrM;6299;6300;1;+
chrM;6301;6302;8;+
chrM;6302;6303;4;+
chrM;6313;6314;16;+
chrM;6317;6318;7;+
chrM;6318;6319;1;+
chrM;6328;6329;1;+
chrM;6331;6332;4;+
chrM;6333;6334;7;+
chrM;6334;6335;9;+
chrM;6335;6336;9;+
chrM;6336;6337;1;+
chrM;6337;6338;1;+
chrM;6338;6339;4;+
chrM;6342;6343;1;+
chrM;6343;6344;4;+
chrM;6345;6346;1;+
chrM;6346;6347;4;+
chrM;6347;6348;3;+
chrM;6348;6349;1;+
chrM;6349;6350;4;+
chrM;6350;6351;6;+
chrM;6351;6352;4;+
chrM;6352;6353;1;+
chrM;6354;6355;1;+
chrM;6355;6356;8;+
chrM;6356;6357;4;+
chrM;6357;6358;1;+
chrM;6365;6366;2;+
chrM;6367;6368;1;+
chrM;6372;6373;3;+
chrM;6373;6374;6;+
chrM;6374;6375;13;+
chrM;6375;6376;5;+
chrM;6376;6377;2;+
chrM;6377;6378;3;+
chrM;6378;6379;4;+
chrM;6379;6380;15;+
chrM;6380;6381;22;+
chrM;6381;6382;20;+
chrM;6382;6383;7;+
chrM;6383;6384;4;+
chrM;6384;6385;7;+
chrM;6385;6386;10;+
chrM;6388;6389;2;+
chrM;6389;6390;12;+
chrM;6390;6391;42;+
chrM;6391;6392;23;+
chrM;6396;6397;1;+
chrM;6397;6398;1;+
chrM;6400;6401;1;+
chrM;6403;6404;3;+
chrM;6404;6405;8;+
chrM;6405;6406;8;+
chrM;6407;6408;3;+
chrM;6408;6409;5;+
chrM;6413;6414;2;+
chrM;6415;6416;5;+
chrM;6416;6417;1;+
chrM;6417;6418;1;+
chrM;6418;6419;1;+
chrM;6419;6420;1;+
chrM;6421;6422;2;+
chrM;6422;6423;3;+
chrM;6423;6424;10;+
chrM;6424;6425;5;+
chrM;6425;6426;3;+
chrM;6426;6427;2;+
chrM;6429;6430;2;+
chrM;6430;6431;2;+
chrM;6431;6432;9;+
chrM;6432;6433;22;+
chrM;6433;6434;5;+
chrM;6435;6436;1;+
chrM;6436;6437;6;+
chrM;6437;6438;3;+
chrM;6438;6439;1;+
chrM;6440;6441;1;+
chrM;6442;6443;2;+
chrM;6443;6444;1;+
chrM;6444;6445;10;+
chrM;6445;6446;8;+
chrM;6446;6447;4;+
chrM;6447;6448;1;+
chrM;6448;6449;5;+
chrM;6450;6451;1;+
chrM;6451;6452;9;+
chrM;6452;6453;11;+
chrM;6453;6454;12;+
chrM;6454;6455;4;+
chrM;6456;6457;1;+
chrM;6459;6460;3;+
chrM;6460;6461;4;+
chrM;6461;6462;5;+
chrM;6462;6463;2;+
chrM;6464;6465;1;+
chrM;6465;6466;1;+
chrM;6466;6467;2;+
chrM;6467;6468;1;+
chrM;6468;6469;2;+
chrM;6469;6470;6;+
chrM;6470;6471;1;+
chrM;6471;6472;1;+
chrM;6472;6473;8;+
chrM;6473;6474;3;+
chrM;6475;6476;2;+
chrM;6476;6477;7;+
chrM;6477;6478;28;+
chrM;6478;6479;69;+
chrM;6479;6480;6;+
chrM;6480;6481;14;+
chrM;6481;6482;54;+
chrM;6482;6483;14;+
chrM;6483;6484;16;+
chrM;6484;6485;37;+
chrM;6485;6486;8;+
chrM;6486;6487;2;+
chrM;6488;6489;1;+
chrM;6489;6490;5;+
chrM;6490;6491;8;+
chrM;6491;6492;9;+
chrM;6492;6493;3;+
chrM;6493;6494;1;+
chrM;6494;6495;4;+
chrM;6495;6496;2;+
chrM;6496;6497;1;+
chrM;6497;6498;1;+
chrM;6498;6499;9;+
chrM;6499;6500;58;+
chrM;6500;6501;27;+
chrM;6501;6502;3;+
chrM;6502;6503;17;+
chrM;6505;6506;2;+
chrM;6506;6507;2;+
chrM;6507;6508;1;+
chrM;6508;6509;1;+
chrM;6510;6511;6;+
chrM;6511;6512;3;+
chrM;6512;6513;10;+
chrM;6513;6514;16;+
chrM;6514;6515;13;+
chrM;6515;6516;4;+
chrM;6517;6518;1;+
chrM;6518;6519;1;+
chrM;6519;6520;4;+
chrM;6520;6521;39;+
chrM;6521;6522;13;+
chrM;6522;6523;2;+
chrM;6523;6524;1;+
chrM;6529;6530;2;+
chrM;6531;6532;2;+
chrM;6532;6533;6;+
chrM;6533;6534;2;+
chrM;6534;6535;18;+
chrM;6535;6536;2;+
chrM;6536;6537;1;+
chrM;6548;6549;6;+
chrM;6549;6550;2;+
chrM;6550;6551;3;+
chrM;6551;6552;1;+
chrM;6552;6553;4;+
chrM;6553;6554;10;+
chrM;6554;6555;2;+
chrM;6555;6556;12;+
chrM;6556;6557;44;+
chrM;6557;6558;18;+
chrM;6561;6562;1;+
chrM;6562;6563;4;+
chrM;6563;6564;2;+
chrM;6564;6565;21;+
chrM;6565;6566;5;+
chrM;6566;6567;2;+
chrM;6567;6568;3;+
chrM;6568;6569;1;+
chrM;6569;6570;1;+
chrM;6570;6571;4;+
chrM;6572;6573;12;+
chrM;6586;6587;29;+
chrM;6588;6589;2;+
chrM;6589;6590;10;+
chrM;6592;6593;1;+
chrM;6593;6594;2;+
chrM;6594;6595;2;+
chrM;6598;6599;1;+
chrM;6599;6600;1;+
chrM;6605;6606;1;+
chrM;6606;6607;3;+
chrM;6607;6608;8;+
chrM;6608;6609;7;+
chrM;6609;6610;5;+
chrM;6610;6611;1;+
chrM;6612;6613;3;+
chrM;6613;6614;1;+
chrM;6617;6618;2;+
chrM;6618;6619;6;+
chrM;6619;6620;35;+
chrM;6620;6621;17;+
chrM;6621;6622;5;+
chrM;6622;6623;7;+
chrM;6623;6624;6;+
chrM;6624;6625;4;+
chrM;6625;6626;8;+
chrM;6626;6627;1;+
chrM;6627;6628;1;+
chrM;6628;6629;3;+
chrM;6629;6630;2;+
chrM;6630;6631;9;+
chrM;6631;6632;14;+
chrM;6632;6633;1;+
chrM;6636;6637;2;+
chrM;6637;6638;4;+
chrM;6638;6639;5;+
chrM;6639;6640;1;+
chrM;6640;6641;4;+
chrM;6641;6642;3;+
chrM;6642;6643;2;+
chrM;6643;6644;8;+
chrM;6644;6645;11;+
chrM;6645;6646;5;+
chrM;6647;6648;2;+
chrM;6648;6649;5;+
chrM;6649;6650;8;+
chrM;6650;6651;2;+
chrM;6653;6654;1;+
chrM;6654;6655;10;+
chrM;6655;6656;4;+
chrM;6656;6657;1;+
chrM;6666;6667;1;+
chrM;6668;6669;2;+
chrM;6669;6670;4;+
chrM;6670;6671;6;+
chrM;6671;6672;5;+
chrM;6672;6673;7;+
chrM;6673;6674;4;+
chrM;6674;6675;4;+
chrM;6675;6676;5;+
chrM;6676;6677;7;+
chrM;6677;6678;1;+
chrM;6683;6684;3;+
chrM;6684;6685;3;+
chrM;6685;6686;5;+
chrM;6686;6687;4;+
chrM;6687;6688;3;+
chrM;6688;6689;4;+
chrM;6689;6690;3;+
chrM;6690;6691;1;+
chrM;6692;6693;4;+
chrM;6694;6695;1;+
chrM;6696;6697;3;+
chrM;6697;6698;1;+
chrM;6698;6699;1;+
chrM;6699;6700;1;+
chrM;6700;6701;3;+
chrM;6701;6702;2;+
chrM;6704;6705;1;+
chrM;6709;6710;1;+
chrM;6711;6712;2;+
chrM;6712;6713;5;+
chrM;6713;6714;1;+
chrM;6714;6715;2;+
chrM;6715;6716;4;+
chrM;6716;6717;4;+
chrM;6717;6718;2;+
chrM;6719;6720;1;+
chrM;6720;6721;2;+
chrM;6721;6722;1;+
chrM;6723;6724;2;+
chrM;6724;6725;3;+
chrM;6725;6726;4;+
chrM;6727;6728;1;+
chrM;6728;6729;6;+
chrM;6729;6730;1;+
chrM;6730;6731;1;+
chrM;6731;6732;4;+
chrM;6732;6733;1;+
chrM;6736;6737;1;+
chrM;6739;6740;1;+
chrM;6740;6741;1;+
chrM;6745;6746;3;+
chrM;6746;6747;1;+
chrM;6747;6748;10;+
chrM;6748;6749;2;+
chrM;6749;6750;2;+
chrM;6750;6751;5;+
chrM;6751;6752;2;+
chrM;6768;6769;5;+
chrM;6772;6773;7;+
chrM;6778;6779;4;+
chrM;6779;6780;1;+
chrM;6780;6781;1;+
chrM;6781;6782;3;+
chrM;6796;6797;5;+
chrM;6797;6798;2;+
chrM;6801;6802;1;+
chrM;6802;6803;1;+
chrM;6808;6809;2;+
chrM;6811;6812;1;+
chrM;6812;6813;1;+
chrM;6813;6814;3;+
chrM;6814;6815;3;+
chrM;6815;6816;8;+
chrM;6816;6817;3;+
chrM;6817;6818;3;+
chrM;6818;6819;3;+
chrM;6819;6820;3;+
chrM;6820;6821;2;+
chrM;6821;6822;1;+
chrM;6822;6823;4;+
chrM;6823;6824;9;+
chrM;6824;6825;7;+
chrM;6826;6827;3;+
chrM;6829;6830;5;+
chrM;6834;6835;3;+
chrM;6836;6837;2;+
chrM;6837;6838;1;+
chrM;6838;6839;2;+
chrM;6839;6840;1;+
chrM;6874;6875;1;+
chrM;6882;6883;6;+
chrM;6886;6887;4;+
chrM;6887;6888;3;+
chrM;6888;6889;1;+
chrM;6890;6891;1;+
chrM;6891;6892;2;+
chrM;6892;6893;6;+
chrM;6895;6896;4;+
chrM;6896;6897;1;+
chrM;6904;6905;1;+
chrM;6908;6909;1;+
chrM;6910;6911;1;+
chrM;6911;6912;5;+
chrM;6912;6913;5;+
chrM;6913;6914;1;+
chrM;6914;6915;1;+
chrM;6916;6917;1;+
chrM;6917;6918;1;+
chrM;6918;6919;2;+
chrM;6919;6920;1;+
chrM;6924;6925;2;+
chrM;6925;6926;1;+
chrM;6929;6930;2;+
chrM;6930;6931;2;+
chrM;6931;6932;2;+
chrM;6997;6998;1;+
chrM;7000;7001;1;+
chrM;7001;7002;5;+
chrM;7002;7003;1;+
chrM;7003;7004;1;+
chrM;7005;7006;1;+
chrM;7013;7014;1;+
chrM;7016;7017;1;+
chrM;7018;7019;2;+
chrM;7019;7020;3;+
chrM;7021;7022;1;+
chrM;7022;7023;1;+
chrM;7023;7024;4;+
chrM;7024;7025;2;+
chrM;7026;7027;1;+
chrM;7027;7028;1;+
chrM;7028;7029;1;+
chrM;7029;7030;3;+
chrM;7032;7033;3;+
chrM;7033;7034;2;+
chrM;7034;7035;2;+
chrM;7035;7036;1;+
chrM;7036;7037;1;+
chrM;7037;7038;3;+
chrM;7038;7039;1;+
chrM;7039;7040;1;+
chrM;7040;7041;2;+
chrM;7041;7042;1;+
chrM;7042;7043;1;+
chrM;7043;7044;3;+
chrM;7044;7045;1;+
chrM;7045;7046;2;+
chrM;7046;7047;3;+
chrM;7048;7049;4;+
chrM;7049;7050;4;+
chrM;7050;7051;1;+
chrM;7067;7068;3;+
chrM;7074;7075;1;+
chrM;7085;7086;1;+
chrM;7088;7089;3;+
chrM;7089;7090;1;+
chrM;7091;7092;3;+
chrM;7092;7093;2;+
chrM;7093;7094;1;+
chrM;7094;7095;1;+
chrM;7095;7096;5;+
chrM;7096;7097;1;+
chrM;7102;7103;1;+
chrM;7103;7104;1;+
chrM;7109;7110;3;+
chrM;7110;7111;7;+
chrM;7114;7115;1;+
chrM;7117;7118;1;+
chrM;7118;7119;5;+
chrM;7119;7120;4;+
chrM;7121;7122;8;+
chrM;7122;7123;1;+
chrM;7125;7126;1;+
chrM;7126;7127;2;+
chrM;7127;7128;3;+
chrM;7128;7129;2;+
chrM;7129;7130;2;+
chrM;7191;7192;4;+
chrM;7193;7194;1;+
chrM;7194;7195;4;+
chrM;7196;7197;2;+
chrM;7197;7198;1;+
chrM;7200;7201;5;+
chrM;7201;7202;4;+
chrM;7202;7203;5;+
chrM;7204;7205;2;+
chrM;7205;7206;1;+
chrM;7206;7207;5;+
chrM;7207;7208;2;+
chrM;7209;7210;4;+
chrM;7210;7211;6;+
chrM;7214;7215;4;+
chrM;7215;7216;3;+
chrM;7217;7218;1;+
chrM;7218;7219;12;+
chrM;7219;7220;7;+
chrM;7220;7221;5;+
chrM;7221;7222;4;+
chrM;7222;7223;6;+
chrM;7223;7224;5;+
chrM;7224;7225;5;+
chrM;7229;7230;1;+
chrM;7230;7231;5;+
chrM;7231;7232;1;+
chrM;7234;7235;5;+
chrM;7241;7242;2;+
chrM;7242;7243;8;+
chrM;7243;7244;8;+
chrM;7244;7245;10;+
chrM;7245;7246;3;+
chrM;7246;7247;5;+
chrM;7247;7248;2;+
chrM;7248;7249;7;+
chrM;7249;7250;6;+
chrM;7250;7251;9;+
chrM;7251;7252;5;+
chrM;7282;7283;3;+
chrM;7283;7284;2;+
chrM;7285;7286;1;+
chrM;7287;7288;2;+
chrM;7298;7299;1;+
chrM;7308;7309;1;+
chrM;7309;7310;2;+
chrM;7311;7312;1;+
chrM;7313;7314;1;+
chrM;7316;7317;8;+
chrM;7338;7339;2;+
chrM;7342;7343;1;+
chrM;7345;7346;2;+
chrM;7346;7347;1;+
chrM;7348;7349;1;+
chrM;7349;7350;2;+
chrM;7351;7352;1;+
chrM;7352;7353;4;+
chrM;7353;7354;1;+
chrM;7356;7357;1;+
chrM;7357;7358;3;+
chrM;7358;7359;6;+
chrM;7359;7360;6;+
chrM;7360;7361;1;+
chrM;7362;7363;3;+
chrM;7363;7364;2;+
chrM;7391;7392;5;+
chrM;7395;7396;9;+
chrM;7396;7397;1;+
chrM;7398;7399;1;+
chrM;7401;7402;3;+
chrM;7402;7403;5;+
chrM;7403;7404;3;+
chrM;7404;7405;4;+
chrM;7405;7406;8;+
chrM;7406;7407;6;+
chrM;7410;7411;5;+
chrM;7412;7413;1;+
chrM;7413;7414;7;+
chrM;7414;7415;2;+
chrM;7416;7417;9;+
chrM;7417;7418;3;+
chrM;7418;7419;4;+
chrM;7419;7420;9;+
chrM;7420;7421;1;+
chrM;7421;7422;1;+
chrM;7424;7425;2;+
chrM;7425;7426;1;+
chrM;7426;7427;1;+
chrM;7427;7428;4;+
chrM;7428;7429;2;+
chrM;7429;7430;1;+
chrM;7432;7433;3;+
chrM;7433;7434;5;+
chrM;7434;7435;15;+
chrM;7435;7436;1;+
chrM;7437;7438;6;+
chrM;7438;7439;3;+
chrM;7439;7440;2;+
chrM;7440;7441;2;+
chrM;7441;7442;1;+
chrM;7442;7443;3;+
chrM;7443;7444;1;+
chrM;7444;7445;1;+
chrM;7446;7447;3;+
chrM;7447;7448;3;+
chrM;7451;7452;1;+
chrM;7452;7453;2;+
chrM;7458;7459;3;+
chrM;7459;7460;3;+
chrM;7462;7463;4;+
chrM;7463;7464;5;+
chrM;7465;7466;4;+
chrM;7470;7471;3;+
chrM;7477;7478;1;+
chrM;7480;7481;2;+
chrM;7481;7482;3;+
chrM;7485;7486;1;+
chrM;7486;7487;3;+
chrM;7487;7488;5;+
chrM;7490;7491;1;+
chrM;7491;7492;3;+
chrM;7492;7493;6;+
chrM;7493;7494;4;+
chrM;7494;7495;3;+
chrM;7495;7496;3;+
chrM;7496;7497;5;+
chrM;7497;7498;4;+
chrM;7498;7499;1;+
chrM;7499;7500;2;+
chrM;7500;7501;4;+
chrM;7502;7503;3;+
chrM;7503;7504;11;+
chrM;7504;7505;6;+
chrM;7505;7506;2;+
chrM;7506;7507;2;+
chrM;7507;7508;2;+
chrM;7509;7510;3;+
chrM;7510;7511;5;+
chrM;7511;7512;5;+
chrM;7512;7513;1;+
chrM;7513;7514;3;+
chrM;7515;7516;7;+
chrM;7516;7517;1;+
chrM;7517;7518;3;+
chrM;7518;7519;9;+
chrM;7519;7520;1;+
chrM;7520;7521;2;+
chrM;7521;7522;4;+
chrM;7522;7523;3;+
chrM;7528;7529;1;+
chrM;7529;7530;1;+
chrM;7531;7532;1;+
chrM;7532;7533;2;+
chrM;7533;7534;1;+
chrM;7534;7535;4;+
chrM;7535;7536;1;+
chrM;7536;7537;1;+
chrM;7563;7564;11;+
chrM;7566;7567;2;+
chrM;7568;7569;2;+
chrM;7569;7570;1;+
chrM;7570;7571;1;+
chrM;7573;7574;1;+
chrM;7574;7575;1;+
chrM;7575;7576;8;+
chrM;7577;7578;2;+
chrM;7578;7579;22;+
chrM;7579;7580;14;+
chrM;7580;7581;7;+
chrM;7581;7582;10;+
chrM;7582;7583;5;+
chrM;7583;7584;2;+
chrM;7587;7588;1;+
chrM;7588;7589;1;+
chrM;7589;7590;3;+
chrM;7590;7591;1;+
chrM;7591;7592;1;+
chrM;7592;7593;1;+
chrM;7593;7594;2;+
chrM;7594;7595;9;+
chrM;7595;7596;16;+
chrM;7596;7597;6;+
chrM;7598;7599;1;+
chrM;7599;7600;2;+
chrM;7601;7602;2;+
chrM;7602;7603;7;+
chrM;7603;7604;8;+
chrM;7604;7605;14;+
chrM;7611;7612;1;+
chrM;7612;7613;3;+
chrM;7613;7614;6;+
chrM;7614;7615;7;+
chrM;7616;7617;1;+
chrM;7617;7618;3;+
chrM;7618;7619;3;+
chrM;7622;7623;2;+
chrM;7623;7624;1;+
chrM;7624;7625;1;+
chrM;7627;7628;2;+
chrM;7633;7634;1;+
chrM;7634;7635;2;+
chrM;7635;7636;6;+
chrM;7636;7637;12;+
chrM;7637;7638;4;+
chrM;7639;7640;1;+
chrM;7647;7648;4;+
chrM;7661;7662;1;+
chrM;7671;7672;3;+
chrM;7676;7677;1;+
chrM;7677;7678;3;+
chrM;7679;7680;1;+
chrM;7680;7681;1;+
chrM;7681;7682;3;+
chrM;7682;7683;1;+
chrM;7700;7701;1;+
chrM;7705;7706;1;+
chrM;7706;7707;8;+
chrM;7707;7708;1;+
chrM;7709;7710;1;+
chrM;7710;7711;6;+
chrM;7711;7712;17;+
chrM;7712;7713;1;+
chrM;7714;7715;4;+
chrM;7715;7716;1;+
chrM;7716;7717;3;+
chrM;7717;7718;16;+
chrM;7718;7719;13;+
chrM;7735;7736;1;+
chrM;7741;7742;1;+
chrM;7748;7749;3;+
chrM;7754;7755;1;+
chrM;7757;7758;8;+
chrM;7759;7760;1;+
chrM;7786;7787;2;+
chrM;7787;7788;1;+
chrM;7788;7789;1;+
chrM;7789;7790;2;+
chrM;7790;7791;2;+
chrM;7791;7792;4;+
chrM;7792;7793;1;+
chrM;7801;7802;3;+
chrM;7802;7803;1;+
chrM;7803;7804;1;+
chrM;7807;7808;3;+
chrM;7809;7810;4;+
chrM;7810;7811;1;+
chrM;7812;7813;3;+
chrM;7814;7815;1;+
chrM;7815;7816;1;+
chrM;7819;7820;2;+
chrM;7821;7822;1;+
chrM;7822;7823;2;+
chrM;7823;7824;12;+
chrM;7824;7825;7;+
chrM;7833;7834;1;+
chrM;7847;7848;1;+
chrM;7848;7849;1;+
chrM;7850;7851;2;+
chrM;7851;7852;3;+
chrM;7852;7853;2;+
chrM;7853;7854;2;+
chrM;7854;7855;9;+
chrM;7855;7856;3;+
chrM;7856;7857;5;+
chrM;7857;7858;1;+
chrM;7861;7862;1;+
chrM;7863;7864;1;+
chrM;7864;7865;1;+
chrM;7865;7866;9;+
chrM;7866;7867;24;+
chrM;7867;7868;3;+
chrM;7868;7869;9;+
chrM;7869;7870;15;+
chrM;7928;7929;1;+
chrM;7929;7930;3;+
chrM;7930;7931;1;+
chrM;7932;7933;6;+
chrM;7933;7934;14;+
chrM;7934;7935;3;+
chrM;7938;7939;2;+
chrM;7939;7940;2;+
chrM;7940;7941;1;+
chrM;7943;7944;1;+
chrM;7945;7946;4;+
chrM;7946;7947;6;+
chrM;7964;7965;4;+
chrM;7965;7966;2;+
chrM;7966;7967;1;+
chrM;7967;7968;1;+
chrM;7972;7973;2;+
chrM;7973;7974;8;+
chrM;7976;7977;1;+
chrM;7978;7979;5;+
chrM;7979;7980;23;+
chrM;7980;7981;10;+
chrM;7982;7983;2;+
chrM;7983;7984;3;+
chrM;7984;7985;15;+
chrM;7985;7986;13;+
chrM;7986;7987;3;+
chrM;7987;7988;5;+
chrM;7988;7989;6;+
chrM;7990;7991;2;+
chrM;7991;7992;14;+
chrM;7992;7993;23;+
chrM;7993;7994;2;+
chrM;7994;7995;4;+
chrM;7995;7996;3;+
chrM;7997;7998;1;+
chrM;7998;7999;2;+
chrM;8003;8004;1;+
chrM;8005;8006;1;+
chrM;8006;8007;6;+
chrM;8007;8008;9;+
chrM;8008;8009;3;+
chrM;8009;8010;5;+
chrM;8012;8013;1;+
chrM;8013;8014;5;+
chrM;8014;8015;16;+
chrM;8015;8016;9;+
chrM;8016;8017;1;+
chrM;8017;8018;3;+
chrM;8018;8019;2;+
chrM;8019;8020;2;+
chrM;8032;8033;1;+
chrM;8033;8034;10;+
chrM;8034;8035;9;+
chrM;8035;8036;16;+
chrM;8036;8037;20;+
chrM;8037;8038;2;+
chrM;8040;8041;6;+
chrM;8041;8042;2;+
chrM;8042;8043;2;+
chrM;8043;8044;6;+
chrM;8044;8045;1;+
chrM;8045;8046;1;+
chrM;8046;8047;1;+
chrM;8047;8048;10;+
chrM;8048;8049;13;+
chrM;8049;8050;8;+
chrM;8050;8051;3;+
chrM;8051;8052;14;+
chrM;8052;8053;6;+
chrM;8053;8054;5;+
chrM;8054;8055;1;+
chrM;8055;8056;1;+
chrM;8063;8064;4;+
chrM;8065;8066;4;+
chrM;8066;8067;1;+
chrM;8067;8068;11;+
chrM;8124;8125;3;+
chrM;8125;8126;1;+
chrM;8128;8129;1;+
chrM;8129;8130;4;+
chrM;8133;8134;3;+
chrM;8134;8135;11;+
chrM;8135;8136;8;+
chrM;8141;8142;1;+
chrM;8143;8144;3;+
chrM;8144;8145;2;+
chrM;8145;8146;2;+
chrM;8147;8148;2;+
chrM;8148;8149;4;+
chrM;8150;8151;19;+
chrM;8151;8152;1;+
chrM;8157;8158;1;+
chrM;8164;8165;2;+
chrM;8165;8166;5;+
chrM;8167;8168;2;+
chrM;8168;8169;10;+
chrM;8169;8170;4;+
chrM;8171;8172;2;+
chrM;8172;8173;6;+
chrM;8173;8174;1;+
chrM;8175;8176;1;+
chrM;8177;8178;2;+
chrM;8179;8180;6;+
chrM;8180;8181;9;+
chrM;8181;8182;1;+
chrM;8183;8184;6;+
chrM;8185;8186;2;+
chrM;8186;8187;3;+
chrM;8187;8188;1;+
chrM;8189;8190;1;+
chrM;8192;8193;16;+
chrM;8193;8194;8;+
chrM;8194;8195;4;+
chrM;8196;8197;1;+
chrM;8198;8199;1;+
chrM;8199;8200;1;+
chrM;8204;8205;5;+
chrM;8205;8206;7;+
chrM;8225;8226;3;+
chrM;8229;8230;1;+
chrM;8230;8231;3;+
chrM;8231;8232;6;+
chrM;8235;8236;1;+
chrM;8237;8238;1;+
chrM;8239;8240;1;+
chrM;8240;8241;3;+
chrM;8241;8242;3;+
chrM;8242;8243;2;+
chrM;8246;8247;1;+
chrM;8247;8248;1;+
chrM;8248;8249;2;+
chrM;8249;8250;3;+
chrM;8250;8251;2;+
chrM;8252;8253;3;+
chrM;8253;8254;2;+
chrM;8254;8255;2;+
chrM;8255;8256;7;+
chrM;8256;8257;17;+
chrM;8257;8258;8;+
chrM;8258;8259;9;+
chrM;8260;8261;4;+
chrM;8261;8262;5;+
chrM;8262;8263;9;+
chrM;8263;8264;17;+
chrM;8264;8265;5;+
chrM;8267;8268;1;+
chrM;8284;8285;2;+
chrM;8287;8288;7;+
chrM;8288;8289;4;+
chrM;8295;8296;6;+
chrM;8296;8297;5;+
chrM;8297;8298;6;+
chrM;8298;8299;1;+
chrM;8299;8300;2;+
chrM;8300;8301;5;+
chrM;8303;8304;2;+
chrM;8304;8305;3;+
chrM;8305;8306;14;+
chrM;8306;8307;2;+
chrM;8307;8308;2;+
chrM;8308;8309;1;+
chrM;8309;8310;1;+
chrM;8310;8311;2;+
chrM;8311;8312;2;+
chrM;8312;8313;10;+
chrM;8315;8316;12;+
chrM;8318;8319;5;+
chrM;8319;8320;1;+
chrM;8320;8321;4;+
chrM;8321;8322;17;+
chrM;8324;8325;1;+
chrM;8327;8328;6;+
chrM;8328;8329;4;+
chrM;8333;8334;1;+
chrM;8336;8337;2;+
chrM;8337;8338;1;+
chrM;8339;8340;1;+
chrM;8355;8356;1;+
chrM;8359;8360;7;+
chrM;8360;8361;1;+
chrM;8361;8362;1;+
chrM;8363;8364;2;+
chrM;8364;8365;1;+
chrM;8365;8366;1;+
chrM;8369;8370;2;+
chrM;8370;8371;7;+
chrM;8371;8372;11;+
chrM;8372;8373;10;+
chrM;8373;8374;1;+
chrM;8379;8380;2;+
chrM;8380;8381;2;+
chrM;8384;8385;8;+
chrM;8385;8386;3;+
chrM;8387;8388;1;+
chrM;8388;8389;3;+
chrM;8390;8391;12;+
chrM;8391;8392;7;+
chrM;8395;8396;2;+
chrM;8396;8397;13;+
chrM;8398;8399;1;+
chrM;8399;8400;1;+
chrM;8400;8401;9;+
chrM;8401;8402;12;+
chrM;8402;8403;15;+
chrM;8403;8404;1;+
chrM;8404;8405;8;+
chrM;8405;8406;6;+
chrM;8406;8407;1;+
chrM;8408;8409;1;+
chrM;8409;8410;1;+
chrM;8410;8411;2;+
chrM;8411;8412;1;+
chrM;8412;8413;3;+
chrM;8413;8414;1;+
chrM;8415;8416;2;+
chrM;8416;8417;1;+
chrM;8423;8424;17;+
chrM;8428;8429;1;+
chrM;8429;8430;1;+
chrM;8440;8441;1;+
chrM;8441;8442;3;+
chrM;8442;8443;2;+
chrM;8443;8444;2;+
chrM;8444;8445;5;+
chrM;8448;8449;4;+
chrM;8449;8450;7;+
chrM;8450;8451;8;+
chrM;8477;8478;1;+
chrM;8478;8479;1;+
chrM;8483;8484;5;+
chrM;8484;8485;2;+
chrM;8486;8487;6;+
chrM;8487;8488;9;+
chrM;8489;8490;2;+
chrM;8490;8491;1;+
chrM;8492;8493;4;+
chrM;8493;8494;2;+
chrM;8494;8495;1;+
chrM;8495;8496;2;+
chrM;8496;8497;3;+
chrM;8497;8498;2;+
chrM;8502;8503;1;+
chrM;8508;8509;1;+
chrM;8515;8516;2;+
chrM;8518;8519;1;+
chrM;8519;8520;1;+
chrM;8522;8523;6;+
chrM;8523;8524;5;+
chrM;8525;8526;1;+
chrM;8526;8527;1;+
chrM;8527;8528;1;+
chrM;8531;8532;2;+
chrM;8532;8533;1;+
chrM;8533;8534;1;+
chrM;8539;8540;1;+
chrM;8540;8541;4;+
chrM;8541;8542;3;+
chrM;8542;8543;3;+
chrM;8543;8544;11;+
chrM;8544;8545;1;+
chrM;8545;8546;3;+
chrM;8546;8547;14;+
chrM;8547;8548;3;+
chrM;8548;8549;2;+
chrM;8552;8553;1;+
chrM;8553;8554;1;+
chrM;8554;8555;1;+
chrM;8557;8558;2;+
chrM;8559;8560;9;+
chrM;8560;8561;7;+
chrM;8562;8563;5;+
chrM;8563;8564;5;+
chrM;8564;8565;4;+
chrM;8569;8570;1;+
chrM;8572;8573;3;+
chrM;8573;8574;2;+
chrM;8574;8575;2;+
chrM;8575;8576;4;+
chrM;8576;8577;11;+
chrM;8609;8610;2;+
chrM;8617;8618;1;+
chrM;8618;8619;1;+
chrM;8622;8623;2;+
chrM;8623;8624;1;+
chrM;8631;8632;1;+
chrM;8632;8633;2;+
chrM;8633;8634;4;+
chrM;8634;8635;1;+
chrM;8637;8638;1;+
chrM;8638;8639;2;+
chrM;8642;8643;1;+
chrM;8643;8644;4;+
chrM;8644;8645;7;+
chrM;8645;8646;4;+
chrM;8648;8649;3;+
chrM;8649;8650;3;+
chrM;8650;8651;5;+
chrM;8651;8652;6;+
chrM;8652;8653;1;+
chrM;8653;8654;4;+
chrM;8655;8656;1;+
chrM;8656;8657;8;+
chrM;8657;8658;4;+
chrM;8658;8659;1;+
chrM;8662;8663;2;+
chrM;8663;8664;8;+
chrM;8664;8665;9;+
chrM;8665;8666;9;+
chrM;8666;8667;1;+
chrM;8668;8669;3;+
chrM;8669;8670;6;+
chrM;8670;8671;4;+
chrM;8671;8672;1;+
chrM;8673;8674;1;+
chrM;8674;8675;6;+
chrM;8676;8677;1;+
chrM;8677;8678;5;+
chrM;8678;8679;3;+
chrM;8679;8680;9;+
chrM;8680;8681;6;+
chrM;8681;8682;4;+
chrM;8682;8683;4;+
chrM;8683;8684;6;+
chrM;8686;8687;4;+
chrM;8689;8690;1;+
chrM;8691;8692;1;+
chrM;8692;8693;8;+
chrM;8693;8694;1;+
chrM;8695;8696;1;+
chrM;8696;8697;4;+
chrM;8701;8702;6;+
chrM;8702;8703;1;+
chrM;8704;8705;1;+
chrM;8705;8706;1;+
chrM;8707;8708;3;+
chrM;8720;8721;1;+
chrM;8722;8723;2;+
chrM;8724;8725;2;+
chrM;8728;8729;1;+
chrM;8729;8730;1;+
chrM;8730;8731;1;+
chrM;8731;8732;2;+
chrM;8732;8733;1;+
chrM;8733;8734;1;+
chrM;8736;8737;1;+
chrM;8738;8739;2;+
chrM;8739;8740;1;+
chrM;8740;8741;2;+
chrM;8741;8742;1;+
chrM;8743;8744;4;+
chrM;8744;8745;2;+
chrM;8746;8747;10;+
chrM;8767;8768;1;+
chrM;8772;8773;3;+
chrM;8773;8774;1;+
chrM;8776;8777;1;+
chrM;8778;8779;1;+
chrM;8779;8780;3;+
chrM;8780;8781;1;+
chrM;8782;8783;12;+
chrM;8783;8784;5;+
chrM;8786;8787;4;+
chrM;8787;8788;5;+
chrM;8788;8789;10;+
chrM;8792;8793;1;+
chrM;8796;8797;12;+
chrM;8797;8798;1;+
chrM;8800;8801;3;+
chrM;8801;8802;1;+
chrM;8803;8804;1;+
chrM;8804;8805;5;+
chrM;8805;8806;4;+
chrM;8807;8808;6;+
chrM;8808;8809;13;+
chrM;8809;8810;7;+
chrM;8810;8811;1;+
chrM;8811;8812;1;+
chrM;8813;8814;9;+
chrM;8814;8815;16;+
chrM;8838;8839;2;+
chrM;8839;8840;1;+
chrM;8840;8841;1;+
chrM;8841;8842;2;+
chrM;8844;8845;1;+
chrM;8845;8846;6;+
chrM;8846;8847;1;+
chrM;8849;8850;1;+
chrM;8850;8851;7;+
chrM;8851;8852;5;+
chrM;8852;8853;6;+
chrM;8860;8861;1;+
chrM;8864;8865;2;+
chrM;8867;8868;1;+
chrM;8868;8869;4;+
chrM;8869;8870;3;+
chrM;8870;8871;2;+
chrM;8871;8872;6;+
chrM;8872;8873;21;+
chrM;8873;8874;23;+
chrM;8874;8875;31;+
chrM;8877;8878;2;+
chrM;8878;8879;2;+
chrM;8879;8880;1;+
chrM;8886;8887;1;+
chrM;8887;8888;1;+
chrM;8888;8889;1;+
chrM;8889;8890;11;+
chrM;8890;8891;30;+
chrM;8891;8892;14;+
chrM;8892;8893;7;+
chrM;8893;8894;8;+
chrM;8898;8899;1;+
chrM;8899;8900;1;+
chrM;8901;8902;4;+
chrM;8902;8903;8;+
chrM;8904;8905;3;+
chrM;8905;8906;9;+
chrM;8906;8907;11;+
chrM;8907;8908;3;+
chrM;8913;8914;4;+
chrM;8914;8915;1;+
chrM;8917;8918;1;+
chrM;8918;8919;3;+
chrM;8920;8921;1;+
chrM;8921;8922;4;+
chrM;8922;8923;3;+
chrM;8923;8924;6;+
chrM;8926;8927;10;+
chrM;8927;8928;1;+
chrM;8928;8929;2;+
chrM;8929;8930;6;+
chrM;8930;8931;8;+
chrM;8932;8933;3;+
chrM;8933;8934;1;+
chrM;8934;8935;3;+
chrM;8935;8936;4;+
chrM;8936;8937;2;+
chrM;8937;8938;2;+
chrM;8938;8939;1;+
chrM;8940;8941;8;+
chrM;8941;8942;21;+
chrM;8942;8943;2;+
chrM;8943;8944;9;+
chrM;8944;8945;40;+
chrM;8945;8946;2;+
chrM;8946;8947;3;+
chrM;8947;8948;14;+
chrM;8948;8949;22;+
chrM;8949;8950;24;+
chrM;8950;8951;14;+
chrM;8951;8952;4;+
chrM;8952;8953;6;+
chrM;8953;8954;5;+
chrM;8954;8955;3;+
chrM;8955;8956;1;+
chrM;8956;8957;2;+
chrM;8957;8958;6;+
chrM;8960;8961;3;+
chrM;8962;8963;1;+
chrM;8964;8965;5;+
chrM;8965;8966;21;+
chrM;8966;8967;1;+
chrM;8972;8973;2;+
chrM;8973;8974;2;+
chrM;8974;8975;5;+
chrM;8975;8976;3;+
chrM;8976;8977;2;+
chrM;8977;8978;2;+
chrM;8982;8983;3;+
chrM;8983;8984;10;+
chrM;8984;8985;13;+
chrM;8986;8987;13;+
chrM;8987;8988;1;+
chrM;8988;8989;3;+
chrM;8989;8990;1;+
chrM;8993;8994;6;+
chrM;8995;8996;11;+
chrM;8996;8997;5;+
chrM;8997;8998;3;+
chrM;8998;8999;3;+
chrM;9000;9001;1;+
chrM;9001;9002;2;+
chrM;9002;9003;1;+
chrM;9007;9008;1;+
chrM;9008;9009;4;+
chrM;9009;9010;2;+
chrM;9010;9011;2;+
chrM;9011;9012;2;+
chrM;9012;9013;3;+
chrM;9013;9014;10;+
chrM;9014;9015;2;+
chrM;9016;9017;4;+
chrM;9018;9019;3;+
chrM;9019;9020;12;+
chrM;9020;9021;4;+
chrM;9021;9022;5;+
chrM;9022;9023;5;+
chrM;9023;9024;2;+
chrM;9024;9025;4;+
chrM;9025;9026;11;+
chrM;9026;9027;3;+
chrM;9027;9028;5;+
chrM;9028;9029;5;+
chrM;9029;9030;12;+
chrM;9030;9031;6;+
chrM;9034;9035;3;+
chrM;9035;9036;2;+
chrM;9036;9037;1;+
chrM;9038;9039;1;+
chrM;9040;9041;2;+
chrM;9041;9042;2;+
chrM;9042;9043;6;+
chrM;9043;9044;5;+
chrM;9045;9046;2;+
chrM;9046;9047;3;+
chrM;9047;9048;2;+
chrM;9048;9049;8;+
chrM;9083;9084;2;+
chrM;9086;9087;1;+
chrM;9087;9088;2;+
chrM;9088;9089;1;+
chrM;9089;9090;1;+
chrM;9090;9091;2;+
chrM;9091;9092;7;+
chrM;9094;9095;19;+
chrM;9097;9098;18;+
chrM;9098;9099;2;+
chrM;9103;9104;2;+
chrM;9104;9105;17;+
chrM;9105;9106;9;+
chrM;9107;9108;1;+
chrM;9111;9112;3;+
chrM;9112;9113;8;+
chrM;9113;9114;1;+
chrM;9114;9115;3;+
chrM;9115;9116;12;+
chrM;9116;9117;2;+
chrM;9117;9118;1;+
chrM;9118;9119;4;+
chrM;9119;9120;4;+
chrM;9120;9121;1;+
chrM;9122;9123;2;+
chrM;9123;9124;3;+
chrM;9124;9125;1;+
chrM;9125;9126;1;+
chrM;9127;9128;4;+
chrM;9128;9129;5;+
chrM;9129;9130;2;+
chrM;9130;9131;1;+
chrM;9131;9132;1;+
chrM;9132;9133;2;+
chrM;9133;9134;6;+
chrM;9136;9137;8;+
chrM;9144;9145;3;+
chrM;9145;9146;1;+
chrM;9150;9151;1;+
chrM;9152;9153;2;+
chrM;9153;9154;5;+
chrM;9154;9155;3;+
chrM;9158;9159;1;+
chrM;9160;9161;2;+
chrM;9164;9165;1;+
chrM;9165;9166;7;+
chrM;9166;9167;7;+
chrM;9167;9168;6;+
chrM;9168;9169;11;+
chrM;9172;9173;5;+
chrM;9173;9174;6;+
chrM;9174;9175;2;+
chrM;9175;9176;1;+
chrM;9176;9177;3;+
chrM;9177;9178;8;+
chrM;9178;9179;5;+
chrM;9179;9180;7;+
chrM;9181;9182;1;+
chrM;9182;9183;5;+
chrM;9183;9184;2;+
chrM;9186;9187;4;+
chrM;9187;9188;3;+
chrM;9190;9191;1;+
chrM;9191;9192;8;+
chrM;9192;9193;1;+
chrM;9193;9194;4;+
chrM;9194;9195;4;+
chrM;9195;9196;2;+
chrM;9198;9199;3;+
chrM;9199;9200;2;+
chrM;9200;9201;4;+
chrM;9202;9203;1;+
chrM;9203;9204;1;+
chrM;9204;9205;7;+
chrM;9205;9206;8;+
chrM;9206;9207;10;+
chrM;9207;9208;2;+
chrM;9208;9209;1;+
chrM;9209;9210;15;+
chrM;9210;9211;14;+
chrM;9211;9212;4;+
chrM;9215;9216;1;+
chrM;9216;9217;5;+
chrM;9217;9218;3;+
chrM;9219;9220;11;+
chrM;9220;9221;16;+
chrM;9222;9223;1;+
chrM;9223;9224;5;+
chrM;9225;9226;16;+
chrM;9226;9227;6;+
chrM;9227;9228;3;+
chrM;9228;9229;7;+
chrM;9229;9230;6;+
chrM;9230;9231;1;+
chrM;9232;9233;2;+
chrM;9233;9234;1;+
chrM;9236;9237;2;+
chrM;9237;9238;2;+
chrM;9238;9239;8;+
chrM;9239;9240;3;+
chrM;9240;9241;4;+
chrM;9241;9242;3;+
chrM;9244;9245;6;+
chrM;9249;9250;1;+
chrM;9250;9251;7;+
chrM;9253;9254;1;+
chrM;9254;9255;1;+
chrM;9255;9256;1;+
chrM;9271;9272;4;+
chrM;9289;9290;9;+
chrM;9291;9292;6;+
chrM;9292;9293;12;+
chrM;9293;9294;3;+
chrM;9297;9298;1;+
chrM;9299;9300;3;+
chrM;9300;9301;6;+
chrM;9302;9303;3;+
chrM;9303;9304;3;+
chrM;9305;9306;4;+
chrM;9306;9307;16;+
chrM;9307;9308;11;+
chrM;9309;9310;1;+
chrM;9311;9312;1;+
chrM;9312;9313;7;+
chrM;9313;9314;1;+
chrM;9315;9316;1;+
chrM;9316;9317;4;+
chrM;9317;9318;7;+
chrM;9318;9319;17;+
chrM;9319;9320;24;+
chrM;9320;9321;1;+
chrM;9322;9323;11;+
chrM;9323;9324;2;+
chrM;9324;9325;2;+
chrM;9325;9326;6;+
chrM;9326;9327;1;+
chrM;9329;9330;1;+
chrM;9330;9331;5;+
chrM;9331;9332;11;+
chrM;9332;9333;2;+
chrM;9333;9334;4;+
chrM;9334;9335;1;+
chrM;9338;9339;2;+
chrM;9339;9340;2;+
chrM;9340;9341;8;+
chrM;9341;9342;2;+
chrM;9342;9343;1;+
chrM;9343;9344;3;+
chrM;9344;9345;5;+
chrM;9345;9346;22;+
chrM;9346;9347;30;+
chrM;9347;9348;6;+
chrM;9348;9349;1;+
chrM;9349;9350;2;+
chrM;9351;9352;3;+
chrM;9352;9353;2;+
chrM;9355;9356;2;+
chrM;9360;9361;2;+
chrM;9361;9362;7;+
chrM;9362;9363;2;+
chrM;9364;9365;1;+
chrM;9366;9367;7;+
chrM;9367;9368;4;+
chrM;9368;9369;1;+
chrM;9369;9370;4;+
chrM;9370;9371;13;+
chrM;9371;9372;14;+
chrM;9372;9373;10;+
chrM;9377;9378;1;+
chrM;9378;9379;3;+
chrM;9379;9380;2;+
chrM;9380;9381;2;+
chrM;9381;9382;3;+
chrM;9382;9383;7;+
chrM;9383;9384;1;+
chrM;9384;9385;6;+
chrM;9385;9386;11;+
chrM;9386;9387;1;+
chrM;9389;9390;1;+
chrM;9390;9391;1;+
chrM;9415;9416;1;+
chrM;9416;9417;2;+
chrM;9417;9418;1;+
chrM;9419;9420;1;+
chrM;9420;9421;2;+
chrM;9452;9453;1;+
chrM;9454;9455;1;+
chrM;9455;9456;2;+
chrM;9457;9458;5;+
chrM;9458;9459;1;+
chrM;9465;9466;4;+
chrM;9466;9467;4;+
chrM;9468;9469;2;+
chrM;9470;9471;2;+
chrM;9472;9473;2;+
chrM;9473;9474;1;+
chrM;9474;9475;1;+
chrM;9476;9477;2;+
chrM;9479;9480;1;+
chrM;9483;9484;1;+
chrM;9484;9485;1;+
chrM;9488;9489;2;+
chrM;9491;9492;1;+
chrM;9493;9494;1;+
chrM;9500;9501;2;+
chrM;9501;9502;4;+
chrM;9502;9503;7;+
chrM;9506;9507;3;+
chrM;9507;9508;6;+
chrM;9508;9509;1;+
chrM;9512;9513;1;+
chrM;9513;9514;1;+
chrM;9514;9515;7;+
chrM;9515;9516;1;+
chrM;9516;9517;1;+
chrM;9517;9518;5;+
chrM;9518;9519;1;+
chrM;9519;9520;1;+
chrM;9520;9521;9;+
chrM;9521;9522;5;+
chrM;9524;9525;1;+
chrM;9525;9526;4;+
chrM;9526;9527;4;+
chrM;9528;9529;2;+
chrM;9529;9530;2;+
chrM;9559;9560;14;+
chrM;9560;9561;2;+
chrM;9564;9565;1;+
chrM;9565;9566;4;+
chrM;9566;9567;5;+
chrM;9567;9568;1;+
chrM;9568;9569;1;+
chrM;9569;9570;2;+
chrM;9570;9571;7;+
chrM;9571;9572;3;+
chrM;9574;9575;7;+
chrM;9575;9576;17;+
chrM;9576;9577;29;+
chrM;9577;9578;21;+
chrM;9578;9579;1;+
chrM;9581;9582;1;+
chrM;9582;9583;3;+
chrM;9584;9585;1;+
chrM;9585;9586;5;+
chrM;9586;9587;8;+
chrM;9587;9588;4;+
chrM;9588;9589;1;+
chrM;9590;9591;2;+
chrM;9594;9595;1;+
chrM;9595;9596;1;+
chrM;9596;9597;1;+
chrM;9597;9598;4;+
chrM;9598;9599;3;+
chrM;9605;9606;1;+
chrM;9606;9607;1;+
chrM;9607;9608;5;+
chrM;9612;9613;4;+
chrM;9613;9614;6;+
chrM;9614;9615;3;+
chrM;9626;9627;1;+
chrM;9628;9629;1;+
chrM;9630;9631;2;+
chrM;9631;9632;11;+
chrM;9632;9633;1;+
chrM;9633;9634;3;+
chrM;9634;9635;22;+
chrM;9635;9636;8;+
chrM;9636;9637;1;+
chrM;9641;9642;1;+
chrM;9644;9645;1;+
chrM;9646;9647;2;+
chrM;9651;9652;1;+
chrM;9654;9655;1;+
chrM;9657;9658;4;+
chrM;9658;9659;9;+
chrM;9659;9660;2;+
chrM;9660;9661;2;+
chrM;9661;9662;1;+
chrM;9665;9666;1;+
chrM;9667;9668;1;+
chrM;9668;9669;2;+
chrM;9669;9670;2;+
chrM;9672;9673;1;+
chrM;9675;9676;2;+
chrM;9676;9677;2;+
chrM;9713;9714;1;+
chrM;9716;9717;4;+
chrM;9717;9718;2;+
chrM;9724;9725;1;+
chrM;9728;9729;2;+
chrM;9730;9731;2;+
chrM;9731;9732;1;+
chrM;9732;9733;1;+
chrM;9739;9740;6;+
chrM;9740;9741;2;+
chrM;9742;9743;3;+
chrM;9743;9744;3;+
chrM;9745;9746;1;+
chrM;9746;9747;1;+
chrM;9751;9752;2;+
chrM;9752;9753;1;+
chrM;9754;9755;2;+
chrM;9755;9756;2;+
chrM;9757;9758;5;+
chrM;9799;9800;4;+
chrM;9827;9828;1;+
chrM;9830;9831;1;+
chrM;9833;9834;1;+
chrM;9834;9835;2;+
chrM;9839;9840;3;+
chrM;9840;9841;1;+
chrM;9842;9843;2;+
chrM;9843;9844;2;+
chrM;9844;9845;3;+
chrM;9845;9846;1;+
chrM;9846;9847;1;+
chrM;9847;9848;4;+
chrM;9855;9856;4;+
chrM;9858;9859;4;+
chrM;9864;9865;3;+
chrM;9870;9871;1;+
chrM;9872;9873;3;+
chrM;9873;9874;13;+
chrM;9874;9875;9;+
chrM;9876;9877;1;+
chrM;9879;9880;3;+
chrM;9880;9881;3;+
chrM;9881;9882;3;+
chrM;9882;9883;3;+
chrM;9884;9885;2;+
chrM;9885;9886;2;+
chrM;9888;9889;4;+
chrM;9889;9890;1;+
chrM;9892;9893;1;+
chrM;9893;9894;2;+
chrM;9894;9895;4;+
chrM;9895;9896;1;+
chrM;9897;9898;1;+
chrM;9898;9899;2;+
chrM;9899;9900;11;+
chrM;9900;9901;2;+
chrM;9903;9904;10;+
chrM;9904;9905;5;+
chrM;9905;9906;1;+
chrM;9908;9909;7;+
chrM;9909;9910;5;+
chrM;9910;9911;9;+
chrM;9911;9912;1;+
chrM;9912;9913;2;+
chrM;9913;9914;6;+
chrM;9914;9915;8;+
chrM;9915;9916;3;+
chrM;9916;9917;6;+
chrM;9917;9918;2;+
chrM;9919;9920;3;+
chrM;9920;9921;3;+
chrM;9921;9922;1;+
chrM;9922;9923;2;+
chrM;9923;9924;3;+
chrM;9925;9926;1;+
chrM;9926;9927;3;+
chrM;9928;9929;2;+
chrM;9929;9930;7;+
chrM;9930;9931;10;+
chrM;9931;9932;1;+
chrM;9932;9933;2;+
chrM;9933;9934;3;+
chrM;9935;9936;3;+
chrM;9941;9942;1;+
chrM;9942;9943;1;+
chrM;9943;9944;5;+
chrM;9944;9945;6;+
chrM;9945;9946;4;+
chrM;9946;9947;6;+
chrM;9947;9948;11;+
chrM;9949;9950;7;+
chrM;9950;9951;1;+
chrM;9951;9952;4;+
chrM;9952;9953;6;+
chrM;9953;9954;11;+
chrM;9956;9957;1;+
chrM;9959;9960;4;+
chrM;9960;9961;1;+
chrM;9961;9962;2;+
chrM;9962;9963;4;+
chrM;9964;9965;1;+
chrM;9965;9966;1;+
chrM;9967;9968;4;+
chrM;9968;9969;18;+
chrM;9969;9970;1;+
chrM;9971;9972;4;+
chrM;9972;9973;4;+
chrM;9973;9974;6;+
chrM;9974;9975;9;+
chrM;9975;9976;11;+
chrM;9976;9977;12;+
chrM;9979;9980;1;+
chrM;9980;9981;8;+
chrM;9981;9982;15;+
chrM;9982;9983;9;+
chrM;9983;9984;5;+
chrM;9985;9986;2;+
chrM;9986;9987;12;+
chrM;9988;9989;1;+
chrM;9991;9992;1;+
chrM;9992;9993;1;+
chrM;9995;9996;3;+
chrM;9999;10000;1;+
chrM;10002;10003;1;+
chrM;10004;10005;1;+
chrM;10007;10008;1;+
chrM;10008;10009;2;+
chrM;10009;10010;1;+
chrM;10010;10011;2;+
chrM;10011;10012;1;+
chrM;10012;10013;2;+
chrM;10013;10014;7;+
chrM;10017;10018;3;+
chrM;10022;10023;25;+
chrM;10023;10024;1;+
chrM;10026;10027;1;+
chrM;10027;10028;2;+
chrM;10028;10029;7;+
chrM;10029;10030;8;+
chrM;10030;10031;14;+
chrM;10032;10033;1;+
chrM;10033;10034;15;+
chrM;10034;10035;8;+
chrM;10035;10036;7;+
chrM;10036;10037;14;+
chrM;10037;10038;4;+
chrM;10040;10041;2;+
chrM;10041;10042;14;+
chrM;10042;10043;10;+
chrM;10043;10044;9;+
chrM;10044;10045;9;+
chrM;10045;10046;13;+
chrM;10046;10047;3;+
chrM;10047;10048;1;+
chrM;10048;10049;1;+
chrM;10049;10050;12;+
chrM;10050;10051;7;+
chrM;10053;10054;6;+
chrM;10054;10055;3;+
chrM;10055;10056;10;+
chrM;10056;10057;20;+
chrM;10057;10058;6;+
chrM;10058;10059;1;+
chrM;10059;10060;4;+
chrM;10060;10061;2;+
chrM;10062;10063;12;+
chrM;10063;10064;6;+
chrM;10064;10065;1;+
chrM;10065;10066;4;+
chrM;10066;10067;2;+
chrM;10067;10068;3;+
chrM;10070;10071;3;+
chrM;10072;10073;1;+
chrM;10073;10074;1;+
chrM;10074;10075;5;+
chrM;10075;10076;9;+
chrM;10076;10077;17;+
chrM;10078;10079;5;+
chrM;10079;10080;11;+
chrM;10080;10081;10;+
chrM;10081;10082;17;+
chrM;10082;10083;7;+
chrM;10083;10084;12;+
chrM;10084;10085;39;+
chrM;10085;10086;11;+
chrM;10087;10088;3;+
chrM;10088;10089;15;+
chrM;10089;10090;5;+
chrM;10090;10091;4;+
chrM;10091;10092;3;+
chrM;10092;10093;4;+
chrM;10093;10094;3;+
chrM;10094;10095;3;+
chrM;10097;10098;5;+
chrM;10099;10100;2;+
chrM;10100;10101;4;+
chrM;10124;10125;1;+
chrM;10125;10126;1;+
chrM;10126;10127;2;+
chrM;10127;10128;5;+
chrM;10138;10139;2;+
chrM;10139;10140;1;+
chrM;10141;10142;1;+
chrM;10165;10166;6;+
chrM;10166;10167;3;+
chrM;10169;10170;3;+
chrM;10170;10171;15;+
chrM;10171;10172;28;+
chrM;10172;10173;3;+
chrM;10182;10183;1;+
chrM;10183;10184;3;+
chrM;10184;10185;3;+
chrM;10185;10186;1;+
chrM;10186;10187;5;+
chrM;10187;10188;9;+
chrM;10189;10190;15;+
chrM;10191;10192;5;+
chrM;10192;10193;13;+
chrM;10193;10194;1;+
chrM;10194;10195;1;+
chrM;10196;10197;5;+
chrM;10197;10198;9;+
chrM;10198;10199;12;+
chrM;10199;10200;3;+
chrM;10201;10202;15;+
chrM;10202;10203;2;+
chrM;10203;10204;8;+
chrM;10204;10205;14;+
chrM;10205;10206;12;+
chrM;10206;10207;8;+
chrM;10207;10208;3;+
chrM;10240;10241;6;+
chrM;10241;10242;2;+
chrM;10242;10243;2;+
chrM;10244;10245;7;+
chrM;10245;10246;16;+
chrM;10246;10247;11;+
chrM;10249;10250;2;+
chrM;10250;10251;9;+
chrM;10251;10252;17;+
chrM;10252;10253;10;+
chrM;10253;10254;2;+
chrM;10256;10257;2;+
chrM;10259;10260;1;+
chrM;10264;10265;15;+
chrM;10267;10268;2;+
chrM;10270;10271;4;+
chrM;10271;10272;5;+
chrM;10272;10273;2;+
chrM;10276;10277;1;+
chrM;10277;10278;13;+
chrM;10283;10284;2;+
chrM;10284;10285;1;+
chrM;10285;10286;3;+
chrM;10315;10316;1;+
chrM;10319;10320;1;+
chrM;10321;10322;1;+
chrM;10322;10323;1;+
chrM;10324;10325;4;+
chrM;10325;10326;1;+
chrM;10334;10335;1;+
chrM;10335;10336;1;+
chrM;10336;10337;3;+
chrM;10337;10338;8;+
chrM;10338;10339;8;+
chrM;10339;10340;6;+
chrM;10340;10341;1;+
chrM;10341;10342;3;+
chrM;10342;10343;1;+
chrM;10343;10344;5;+
chrM;10344;10345;16;+
chrM;10345;10346;30;+
chrM;10346;10347;9;+
chrM;10347;10348;14;+
chrM;10348;10349;4;+
chrM;10354;10355;7;+
chrM;10355;10356;2;+
chrM;10356;10357;3;+
chrM;10357;10358;4;+
chrM;10358;10359;7;+
chrM;10360;10361;1;+
chrM;10372;10373;4;+
chrM;10373;10374;2;+
chrM;10374;10375;2;+
chrM;10375;10376;6;+
chrM;10376;10377;17;+
chrM;10378;10379;10;+
chrM;10382;10383;1;+
chrM;10449;10450;1;+
chrM;10450;10451;3;+
chrM;10451;10452;4;+
chrM;10452;10453;3;+
chrM;10459;10460;1;+
chrM;10461;10462;1;+
chrM;10462;10463;9;+
chrM;10466;10467;4;+
chrM;10468;10469;3;+
chrM;10474;10475;1;+
chrM;10477;10478;1;+
chrM;10479;10480;1;+
chrM;10480;10481;3;+
chrM;10481;10482;6;+
chrM;10483;10484;18;+
chrM;10486;10487;1;+
chrM;10487;10488;5;+
chrM;10488;10489;1;+
chrM;10493;10494;4;+
chrM;10502;10503;2;+
chrM;10506;10507;13;+
chrM;10509;10510;1;+
chrM;10510;10511;9;+
chrM;10513;10514;1;+
chrM;10523;10524;1;+
chrM;10537;10538;5;+
chrM;10538;10539;2;+
chrM;10540;10541;1;+
chrM;10541;10542;1;+
chrM;10548;10549;1;+
chrM;10549;10550;10;+
chrM;10550;10551;4;+
chrM;10553;10554;1;+
chrM;10554;10555;2;+
chrM;10555;10556;4;+
chrM;10556;10557;1;+
chrM;10582;10583;4;+
chrM;10583;10584;2;+
chrM;10586;10587;2;+
chrM;10587;10588;1;+
chrM;10590;10591;1;+
chrM;10591;10592;6;+
chrM;10592;10593;8;+
chrM;10593;10594;10;+
chrM;10594;10595;6;+
chrM;10595;10596;1;+
chrM;10599;10600;5;+
chrM;10600;10601;10;+
chrM;10601;10602;1;+
chrM;10602;10603;3;+
chrM;10603;10604;7;+
chrM;10604;10605;2;+
chrM;10610;10611;1;+
chrM;10611;10612;1;+
chrM;10614;10615;2;+
chrM;10615;10616;18;+
chrM;10618;10619;3;+
chrM;10619;10620;1;+
chrM;10621;10622;1;+
chrM;10622;10623;1;+
chrM;10625;10626;2;+
chrM;10626;10627;5;+
chrM;10627;10628;15;+
chrM;10630;10631;1;+
chrM;10631;10632;3;+
chrM;10632;10633;3;+
chrM;10633;10634;2;+
chrM;10634;10635;4;+
chrM;10636;10637;4;+
chrM;10637;10638;1;+
chrM;10642;10643;2;+
chrM;10643;10644;5;+
chrM;10644;10645;3;+
chrM;10645;10646;6;+
chrM;10646;10647;3;+
chrM;10647;10648;8;+
chrM;10648;10649;8;+
chrM;10649;10650;1;+
chrM;10653;10654;1;+
chrM;10673;10674;1;+
chrM;10674;10675;9;+
chrM;10675;10676;5;+
chrM;10681;10682;3;+
chrM;10687;10688;12;+
chrM;10710;10711;4;+
chrM;10711;10712;5;+
chrM;10712;10713;2;+
chrM;10713;10714;1;+
chrM;10714;10715;3;+
chrM;10715;10716;3;+
chrM;10716;10717;2;+
chrM;10717;10718;1;+
chrM;10718;10719;2;+
chrM;10719;10720;1;+
chrM;10720;10721;3;+
chrM;10721;10722;7;+
chrM;10722;10723;8;+
chrM;10723;10724;2;+
chrM;10725;10726;2;+
chrM;10727;10728;2;+
chrM;10728;10729;6;+
chrM;10729;10730;5;+
chrM;10733;10734;2;+
chrM;10735;10736;5;+
chrM;10737;10738;1;+
chrM;10738;10739;7;+
chrM;10739;10740;6;+
chrM;10740;10741;2;+
chrM;10741;10742;2;+
chrM;10743;10744;1;+
chrM;10745;10746;1;+
chrM;10746;10747;5;+
chrM;10749;10750;1;+
chrM;10750;10751;3;+
chrM;10752;10753;2;+
chrM;10753;10754;6;+
chrM;10754;10755;4;+
chrM;10755;10756;3;+
chrM;10756;10757;1;+
chrM;10757;10758;7;+
chrM;10758;10759;4;+
chrM;10759;10760;7;+
chrM;10760;10761;2;+
chrM;10761;10762;2;+
chrM;10771;10772;5;+
chrM;10787;10788;1;+
chrM;10790;10791;3;+
chrM;10792;10793;1;+
chrM;10797;10798;2;+
chrM;10798;10799;7;+
chrM;10803;10804;2;+
chrM;10807;10808;4;+
chrM;10809;10810;1;+
chrM;10810;10811;2;+
chrM;10813;10814;3;+
chrM;10815;10816;4;+
chrM;10816;10817;33;+
chrM;10817;10818;13;+
chrM;10822;10823;2;+
chrM;10823;10824;4;+
chrM;10824;10825;8;+
chrM;10825;10826;6;+
chrM;10826;10827;2;+
chrM;10827;10828;2;+
chrM;10828;10829;4;+
chrM;10829;10830;2;+
chrM;10830;10831;8;+
chrM;10831;10832;1;+
chrM;10834;10835;1;+
chrM;10835;10836;1;+
chrM;10836;10837;6;+
chrM;10837;10838;13;+
chrM;10838;10839;13;+
chrM;10839;10840;2;+
chrM;10841;10842;1;+
chrM;10842;10843;1;+
chrM;10843;10844;3;+
chrM;10844;10845;7;+
chrM;10845;10846;2;+
chrM;10846;10847;3;+
chrM;10847;10848;1;+
chrM;10848;10849;5;+
chrM;10849;10850;3;+
chrM;10850;10851;4;+
chrM;10857;10858;1;+
chrM;10858;10859;3;+
chrM;10860;10861;4;+
chrM;10861;10862;11;+
chrM;10862;10863;1;+
chrM;10863;10864;2;+
chrM;10864;10865;4;+
chrM;10865;10866;2;+
chrM;10879;10880;1;+
chrM;10882;10883;9;+
chrM;10883;10884;5;+
chrM;10884;10885;1;+
chrM;10886;10887;2;+
chrM;10890;10891;7;+
chrM;10891;10892;2;+
chrM;10899;10900;1;+
chrM;10900;10901;1;+
chrM;10901;10902;8;+
chrM;10905;10906;1;+
chrM;10906;10907;5;+
chrM;10907;10908;6;+
chrM;10928;10929;1;+
chrM;10939;10940;3;+
chrM;10940;10941;2;+
chrM;10943;10944;1;+
chrM;10944;10945;2;+
chrM;10945;10946;2;+
chrM;10946;10947;2;+
chrM;10947;10948;7;+
chrM;10948;10949;2;+
chrM;10949;10950;1;+
chrM;10953;10954;1;+
chrM;10954;10955;4;+
chrM;10957;10958;5;+
chrM;10972;10973;1;+
chrM;10976;10977;1;+
chrM;10982;10983;1;+
chrM;10985;10986;1;+
chrM;10986;10987;2;+
chrM;10987;10988;3;+
chrM;10988;10989;1;+
chrM;10991;10992;1;+
chrM;11007;11008;3;+
chrM;11014;11015;2;+
chrM;11017;11018;2;+
chrM;11019;11020;2;+
chrM;11020;11021;3;+
chrM;11024;11025;4;+
chrM;11026;11027;7;+
chrM;11027;11028;7;+
chrM;11028;11029;10;+
chrM;11030;11031;1;+
chrM;11031;11032;8;+
chrM;11032;11033;4;+
chrM;11033;11034;4;+
chrM;11034;11035;17;+
chrM;11035;11036;21;+
chrM;11036;11037;1;+
chrM;11037;11038;1;+
chrM;11038;11039;2;+
chrM;11039;11040;1;+
chrM;11041;11042;3;+
chrM;11042;11043;10;+
chrM;11043;11044;9;+
chrM;11044;11045;1;+
chrM;11045;11046;1;+
chrM;11046;11047;6;+
chrM;11049;11050;3;+
chrM;11050;11051;17;+
chrM;11051;11052;5;+
chrM;11052;11053;3;+
chrM;11053;11054;8;+
chrM;11054;11055;1;+
chrM;11055;11056;1;+
chrM;11076;11077;4;+
chrM;11077;11078;3;+
chrM;11080;11081;1;+
chrM;11081;11082;7;+
chrM;11083;11084;6;+
chrM;11105;11106;1;+
chrM;11109;11110;1;+
chrM;11110;11111;5;+
chrM;11113;11114;1;+
chrM;11116;11117;3;+
chrM;11117;11118;2;+
chrM;11118;11119;1;+
chrM;11119;11120;3;+
chrM;11120;11121;2;+
chrM;11121;11122;6;+
chrM;11122;11123;2;+
chrM;11123;11124;1;+
chrM;11124;11125;1;+
chrM;11125;11126;3;+
chrM;11126;11127;3;+
chrM;11127;11128;6;+
chrM;11128;11129;11;+
chrM;11129;11130;6;+
chrM;11130;11131;1;+
chrM;11131;11132;5;+
chrM;11132;11133;2;+
chrM;11133;11134;4;+
chrM;11134;11135;4;+
chrM;11136;11137;1;+
chrM;11137;11138;2;+
chrM;11138;11139;2;+
chrM;11140;11141;5;+
chrM;11141;11142;2;+
chrM;11142;11143;8;+
chrM;11143;11144;8;+
chrM;11148;11149;7;+
chrM;11156;11157;8;+
chrM;11159;11160;1;+
chrM;11162;11163;5;+
chrM;11163;11164;4;+
chrM;11165;11166;1;+
chrM;11166;11167;3;+
chrM;11167;11168;2;+
chrM;11168;11169;2;+
chrM;11169;11170;9;+
chrM;11170;11171;5;+
chrM;11172;11173;3;+
chrM;11173;11174;10;+
chrM;11174;11175;11;+
chrM;11177;11178;3;+
chrM;11178;11179;5;+
chrM;11179;11180;6;+
chrM;11180;11181;1;+
chrM;11181;11182;1;+
chrM;11182;11183;3;+
chrM;11183;11184;4;+
chrM;11184;11185;12;+
chrM;11185;11186;27;+
chrM;11186;11187;15;+
chrM;11187;11188;1;+
chrM;11188;11189;1;+
chrM;11189;11190;3;+
chrM;11198;11199;5;+
chrM;11199;11200;5;+
chrM;11200;11201;2;+
chrM;11201;11202;9;+
chrM;11202;11203;21;+
chrM;11203;11204;20;+
chrM;11204;11205;3;+
chrM;11206;11207;9;+
chrM;11208;11209;1;+
chrM;11209;11210;5;+
chrM;11210;11211;1;+
chrM;11211;11212;2;+
chrM;11212;11213;1;+
chrM;11213;11214;1;+
chrM;11215;11216;1;+
chrM;11216;11217;2;+
chrM;11217;11218;1;+
chrM;11218;11219;4;+
chrM;11219;11220;4;+
chrM;11220;11221;3;+
chrM;11221;11222;4;+
chrM;11222;11223;1;+
chrM;11223;11224;3;+
chrM;11224;11225;20;+
chrM;11225;11226;6;+
chrM;11226;11227;1;+
chrM;11227;11228;2;+
chrM;11228;11229;1;+
chrM;11230;11231;1;+
chrM;11234;11235;13;+
chrM;11235;11236;8;+
chrM;11237;11238;2;+
chrM;11238;11239;3;+
chrM;11239;11240;3;+
chrM;11242;11243;3;+
chrM;11244;11245;1;+
chrM;11245;11246;11;+
chrM;11246;11247;7;+
chrM;11250;11251;3;+
chrM;11251;11252;10;+
chrM;11252;11253;4;+
chrM;11256;11257;4;+
chrM;11257;11258;1;+
chrM;11259;11260;1;+
chrM;11260;11261;6;+
chrM;11261;11262;7;+
chrM;11262;11263;1;+
chrM;11265;11266;2;+
chrM;11266;11267;3;+
chrM;11267;11268;1;+
chrM;11269;11270;6;+
chrM;11270;11271;5;+
chrM;11271;11272;6;+
chrM;11272;11273;4;+
chrM;11274;11275;1;+
chrM;11275;11276;4;+
chrM;11291;11292;1;+
chrM;11296;11297;6;+
chrM;11298;11299;4;+
chrM;11305;11306;1;+
chrM;11311;11312;1;+
chrM;11312;11313;9;+
chrM;11313;11314;2;+
chrM;11317;11318;1;+
chrM;11318;11319;1;+
chrM;11319;11320;1;+
chrM;11322;11323;1;+
chrM;11325;11326;1;+
chrM;11326;11327;1;+
chrM;11331;11332;1;+
chrM;11335;11336;1;+
chrM;11337;11338;1;+
chrM;11338;11339;1;+
chrM;11342;11343;3;+
chrM;11394;11395;2;+
chrM;11405;11406;1;+
chrM;11430;11431;2;+
chrM;11431;11432;1;+
chrM;11434;11435;1;+
chrM;11442;11443;2;+
chrM;11467;11468;1;+
chrM;11473;11474;5;+
chrM;11474;11475;1;+
chrM;11478;11479;1;+
chrM;11479;11480;5;+
chrM;11480;11481;6;+
chrM;11481;11482;4;+
chrM;11482;11483;5;+
chrM;11483;11484;1;+
chrM;11485;11486;1;+
chrM;11486;11487;4;+
chrM;11493;11494;2;+
chrM;11494;11495;3;+
chrM;11497;11498;2;+
chrM;11498;11499;1;+
chrM;11521;11522;1;+
chrM;11524;11525;4;+
chrM;11527;11528;2;+
chrM;11528;11529;1;+
chrM;11530;11531;2;+
chrM;11531;11532;3;+
chrM;11566;11567;2;+
chrM;11571;11572;1;+
chrM;11591;11592;11;+
chrM;11619;11620;1;+
chrM;11620;11621;1;+
chrM;11623;11624;4;+
chrM;11624;11625;11;+
chrM;11625;11626;9;+
chrM;11626;11627;1;+
chrM;11627;11628;5;+
chrM;11628;11629;1;+
chrM;11630;11631;2;+
chrM;11631;11632;5;+
chrM;11632;11633;6;+
chrM;11633;11634;4;+
chrM;11634;11635;5;+
chrM;11635;11636;2;+
chrM;11637;11638;1;+
chrM;11638;11639;3;+
chrM;11639;11640;2;+
chrM;11641;11642;1;+
chrM;11643;11644;4;+
chrM;11644;11645;6;+
chrM;11645;11646;2;+
chrM;11646;11647;2;+
chrM;11647;11648;11;+
chrM;11648;11649;8;+
chrM;11649;11650;1;+
chrM;11650;11651;3;+
chrM;11659;11660;1;+
chrM;11660;11661;3;+
chrM;11661;11662;6;+
chrM;11662;11663;14;+
chrM;11663;11664;3;+
chrM;11668;11669;2;+
chrM;11678;11679;2;+
chrM;11681;11682;5;+
chrM;11683;11684;1;+
chrM;11684;11685;1;+
chrM;11686;11687;2;+
chrM;11688;11689;2;+
chrM;11689;11690;3;+
chrM;11703;11704;1;+
chrM;11740;11741;14;+
chrM;11744;11745;1;+
chrM;11746;11747;1;+
chrM;11753;11754;1;+
chrM;11754;11755;1;+
chrM;11755;11756;1;+
chrM;11756;11757;5;+
chrM;11758;11759;1;+
chrM;11759;11760;3;+
chrM;11760;11761;10;+
chrM;11761;11762;10;+
chrM;11763;11764;1;+
chrM;11764;11765;1;+
chrM;11765;11766;2;+
chrM;11766;11767;3;+
chrM;11774;11775;2;+
chrM;11775;11776;2;+
chrM;11777;11778;1;+
chrM;11781;11782;2;+
chrM;11782;11783;2;+
chrM;11783;11784;3;+
chrM;11784;11785;2;+
chrM;11785;11786;7;+
chrM;11786;11787;3;+
chrM;11788;11789;5;+
chrM;11790;11791;1;+
chrM;11791;11792;5;+
chrM;11825;11826;1;+
chrM;11826;11827;1;+
chrM;11827;11828;3;+
chrM;11828;11829;6;+
chrM;11829;11830;4;+
chrM;11830;11831;3;+
chrM;11831;11832;18;+
chrM;11832;11833;6;+
chrM;11833;11834;1;+
chrM;11834;11835;2;+
chrM;11835;11836;15;+
chrM;11836;11837;5;+
chrM;11837;11838;4;+
chrM;11839;11840;41;+
chrM;11840;11841;20;+
chrM;11849;11850;28;+
chrM;11850;11851;17;+
chrM;11851;11852;18;+
chrM;11852;11853;30;+
chrM;11853;11854;19;+
chrM;11854;11855;9;+
chrM;11855;11856;3;+
chrM;11856;11857;6;+
chrM;11857;11858;8;+
chrM;11858;11859;2;+
chrM;11860;11861;1;+
chrM;11861;11862;11;+
chrM;11862;11863;9;+
chrM;11863;11864;1;+
chrM;11867;11868;3;+
chrM;11868;11869;4;+
chrM;11869;11870;8;+
chrM;11870;11871;9;+
chrM;11871;11872;24;+
chrM;11872;11873;7;+
chrM;11873;11874;2;+
chrM;11874;11875;2;+
chrM;11876;11877;3;+
chrM;11878;11879;1;+
chrM;11879;11880;3;+
chrM;11881;11882;2;+
chrM;11882;11883;10;+
chrM;11883;11884;16;+
chrM;11884;11885;21;+
chrM;11885;11886;19;+
chrM;11886;11887;12;+
chrM;11887;11888;4;+
chrM;11889;11890;2;+
chrM;11890;11891;21;+
chrM;11891;11892;24;+
chrM;11922;11923;2;+
chrM;11937;11938;2;+
chrM;11938;11939;4;+
chrM;11977;11978;2;+
chrM;11978;11979;2;+
chrM;11979;11980;1;+
chrM;11980;11981;1;+
chrM;11981;11982;1;+
chrM;11985;11986;1;+
chrM;11987;11988;1;+
chrM;11988;11989;2;+
chrM;11991;11992;2;+
chrM;11997;11998;3;+
chrM;11998;11999;2;+
chrM;11999;12000;4;+
chrM;12002;12003;4;+
chrM;12003;12004;9;+
chrM;12004;12005;10;+
chrM;12005;12006;3;+
chrM;12006;12007;4;+
chrM;12007;12008;2;+
chrM;12010;12011;1;+
chrM;12011;12012;1;+
chrM;12012;12013;1;+
chrM;12013;12014;1;+
chrM;12014;12015;3;+
chrM;12015;12016;2;+
chrM;12016;12017;1;+
chrM;12018;12019;1;+
chrM;12019;12020;3;+
chrM;12020;12021;3;+
chrM;12021;12022;7;+
chrM;12022;12023;4;+
chrM;12023;12024;2;+
chrM;12031;12032;6;+
chrM;12034;12035;1;+
chrM;12036;12037;2;+
chrM;12037;12038;4;+
chrM;12038;12039;2;+
chrM;12050;12051;2;+
chrM;12055;12056;1;+
chrM;12083;12084;2;+
chrM;12088;12089;2;+
chrM;12102;12103;1;+
chrM;12103;12104;4;+
chrM;12106;12107;1;+
chrM;12107;12108;3;+
chrM;12108;12109;1;+
chrM;12109;12110;1;+
chrM;12112;12113;2;+
chrM;12113;12114;1;+
chrM;12114;12115;1;+
chrM;12115;12116;9;+
chrM;12116;12117;1;+
chrM;12119;12120;2;+
chrM;12121;12122;2;+
chrM;12122;12123;3;+
chrM;12123;12124;6;+
chrM;12124;12125;2;+
chrM;12125;12126;1;+
chrM;12126;12127;1;+
chrM;12134;12135;5;+
chrM;12135;12136;1;+
chrM;12143;12144;25;+
chrM;12144;12145;8;+
chrM;12145;12146;5;+
chrM;12146;12147;2;+
chrM;12147;12148;1;+
chrM;12149;12150;1;+
chrM;12150;12151;1;+
chrM;12156;12157;3;+
chrM;12157;12158;1;+
chrM;12159;12160;1;+
chrM;12160;12161;1;+
chrM;12167;12168;1;+
chrM;12168;12169;1;+
chrM;12169;12170;6;+
chrM;12170;12171;16;+
chrM;12171;12172;28;+
chrM;12172;12173;25;+
chrM;12173;12174;3;+
chrM;12174;12175;2;+
chrM;12175;12176;3;+
chrM;12177;12178;2;+
chrM;12178;12179;1;+
chrM;12179;12180;6;+
chrM;12180;12181;1;+
chrM;12181;12182;3;+
chrM;12182;12183;3;+
chrM;12183;12184;7;+
chrM;12184;12185;12;+
chrM;12187;12188;1;+
chrM;12198;12199;5;+
chrM;12199;12200;5;+
chrM;12201;12202;6;+
chrM;12202;12203;6;+
chrM;12205;12206;1;+
chrM;12206;12207;1;+
chrM;12207;12208;8;+
chrM;12208;12209;4;+
chrM;12209;12210;1;+
chrM;12210;12211;1;+
chrM;12211;12212;5;+
chrM;12212;12213;1;+
chrM;12224;12225;1;+
chrM;12226;12227;1;+
chrM;12227;12228;3;+
chrM;12228;12229;1;+
chrM;12232;12233;6;+
chrM;12233;12234;2;+
chrM;12239;12240;1;+
chrM;12240;12241;4;+
chrM;12241;12242;8;+
chrM;12242;12243;5;+
chrM;12243;12244;2;+
chrM;12247;12248;10;+
chrM;12248;12249;1;+
chrM;12250;12251;8;+
chrM;12252;12253;6;+
chrM;12253;12254;6;+
chrM;12257;12258;2;+
chrM;12259;12260;5;+
chrM;12260;12261;3;+
chrM;12261;12262;4;+
chrM;12262;12263;1;+
chrM;12267;12268;2;+
chrM;12268;12269;13;+
chrM;12269;12270;4;+
chrM;12272;12273;5;+
chrM;12273;12274;5;+
chrM;12274;12275;11;+
chrM;12276;12277;1;+
chrM;12281;12282;1;+
chrM;12282;12283;5;+
chrM;12283;12284;6;+
chrM;12287;12288;3;+
chrM;12294;12295;1;+
chrM;12295;12296;8;+
chrM;12296;12297;6;+
chrM;12297;12298;2;+
chrM;12300;12301;1;+
chrM;12304;12305;1;+
chrM;12330;12331;2;+
chrM;12331;12332;2;+
chrM;12360;12361;1;+
chrM;12363;12364;8;+
chrM;12365;12366;1;+
chrM;12366;12367;1;+
chrM;12367;12368;2;+
chrM;12369;12370;3;+
chrM;12370;12371;1;+
chrM;12375;12376;2;+
chrM;12376;12377;4;+
chrM;12377;12378;1;+
chrM;12378;12379;3;+
chrM;12379;12380;7;+
chrM;12385;12386;2;+
chrM;12386;12387;3;+
chrM;12406;12407;20;+
chrM;12407;12408;2;+
chrM;12412;12413;2;+
chrM;12413;12414;1;+
chrM;12414;12415;1;+
chrM;12415;12416;3;+
chrM;12416;12417;4;+
chrM;12417;12418;1;+
chrM;12418;12419;2;+
chrM;12421;12422;1;+
chrM;12423;12424;1;+
chrM;12424;12425;1;+
chrM;12425;12426;3;+
chrM;12426;12427;1;+
chrM;12427;12428;6;+
chrM;12428;12429;2;+
chrM;12430;12431;5;+
chrM;12439;12440;3;+
chrM;12442;12443;5;+
chrM;12445;12446;11;+
chrM;12448;12449;22;+
chrM;12449;12450;2;+
chrM;12451;12452;1;+
chrM;12453;12454;2;+
chrM;12454;12455;3;+
chrM;12456;12457;1;+
chrM;12457;12458;3;+
chrM;12458;12459;1;+
chrM;12459;12460;6;+
chrM;12460;12461;5;+
chrM;12461;12462;6;+
chrM;12462;12463;1;+
chrM;12464;12465;3;+
chrM;12465;12466;6;+
chrM;12466;12467;14;+
chrM;12467;12468;5;+
chrM;12468;12469;1;+
chrM;12469;12470;1;+
chrM;12472;12473;2;+
chrM;12483;12484;1;+
chrM;12484;12485;2;+
chrM;12487;12488;6;+
chrM;12488;12489;1;+
chrM;12491;12492;4;+
chrM;12493;12494;3;+
chrM;12494;12495;1;+
chrM;12498;12499;3;+
chrM;12499;12500;15;+
chrM;12500;12501;1;+
chrM;12501;12502;1;+
chrM;12502;12503;4;+
chrM;12503;12504;1;+
chrM;12504;12505;7;+
chrM;12505;12506;22;+
chrM;12506;12507;15;+
chrM;12507;12508;6;+
chrM;12508;12509;4;+
chrM;12509;12510;1;+
chrM;12515;12516;1;+
chrM;12516;12517;4;+
chrM;12517;12518;8;+
chrM;12520;12521;15;+
chrM;12521;12522;13;+
chrM;12522;12523;3;+
chrM;12523;12524;4;+
chrM;12524;12525;11;+
chrM;12525;12526;15;+
chrM;12526;12527;16;+
chrM;12527;12528;4;+
chrM;12529;12530;1;+
chrM;12530;12531;3;+
chrM;12531;12532;5;+
chrM;12555;12556;1;+
chrM;12556;12557;1;+
chrM;12560;12561;1;+
chrM;12562;12563;1;+
chrM;12569;12570;1;+
chrM;12571;12572;1;+
chrM;12574;12575;4;+
chrM;12575;12576;1;+
chrM;12577;12578;2;+
chrM;12578;12579;6;+
chrM;12579;12580;16;+
chrM;12580;12581;13;+
chrM;12581;12582;10;+
chrM;12582;12583;6;+
chrM;12583;12584;9;+
chrM;12584;12585;1;+
chrM;12586;12587;6;+
chrM;12587;12588;4;+
chrM;12589;12590;8;+
chrM;12592;12593;1;+
chrM;12593;12594;5;+
chrM;12594;12595;3;+
chrM;12595;12596;5;+
chrM;12596;12597;1;+
chrM;12598;12599;1;+
chrM;12601;12602;1;+
chrM;12604;12605;4;+
chrM;12605;12606;3;+
chrM;12606;12607;2;+
chrM;12607;12608;7;+
chrM;12608;12609;7;+
chrM;12611;12612;2;+
chrM;12614;12615;3;+
chrM;12635;12636;19;+
chrM;12636;12637;6;+
chrM;12643;12644;1;+
chrM;12644;12645;1;+
chrM;12646;12647;1;+
chrM;12648;12649;1;+
chrM;12649;12650;1;+
chrM;12650;12651;2;+
chrM;12651;12652;5;+
chrM;12652;12653;1;+
chrM;12653;12654;2;+
chrM;12654;12655;4;+
chrM;12655;12656;7;+
chrM;12656;12657;2;+
chrM;12657;12658;2;+
chrM;12659;12660;5;+
chrM;12661;12662;8;+
chrM;12662;12663;1;+
chrM;12664;12665;4;+
chrM;12665;12666;2;+
chrM;12666;12667;15;+
chrM;12667;12668;1;+
chrM;12668;12669;1;+
chrM;12669;12670;1;+
chrM;12670;12671;6;+
chrM;12671;12672;1;+
chrM;12673;12674;4;+
chrM;12674;12675;1;+
chrM;12701;12702;1;+
chrM;12702;12703;4;+
chrM;12703;12704;5;+
chrM;12705;12706;2;+
chrM;12706;12707;6;+
chrM;12707;12708;8;+
chrM;12708;12709;7;+
chrM;12710;12711;2;+
chrM;12711;12712;6;+
chrM;12712;12713;22;+
chrM;12713;12714;2;+
chrM;12714;12715;1;+
chrM;12715;12716;19;+
chrM;12716;12717;8;+
chrM;12720;12721;9;+
chrM;12721;12722;7;+
chrM;12723;12724;2;+
chrM;12724;12725;2;+
chrM;12725;12726;4;+
chrM;12726;12727;4;+
chrM;12727;12728;3;+
chrM;12728;12729;3;+
chrM;12729;12730;1;+
chrM;12730;12731;3;+
chrM;12731;12732;6;+
chrM;12733;12734;2;+
chrM;12734;12735;13;+
chrM;12735;12736;8;+
chrM;12736;12737;5;+
chrM;12737;12738;3;+
chrM;12738;12739;6;+
chrM;12739;12740;6;+
chrM;12745;12746;5;+
chrM;12746;12747;4;+
chrM;12747;12748;2;+
chrM;12748;12749;1;+
chrM;12749;12750;1;+
chrM;12751;12752;5;+
chrM;12752;12753;4;+
chrM;12753;12754;1;+
chrM;12756;12757;1;+
chrM;12757;12758;7;+
chrM;12758;12759;1;+
chrM;12759;12760;3;+
chrM;12760;12761;2;+
chrM;12761;12762;1;+
chrM;12766;12767;1;+
chrM;12767;12768;2;+
chrM;12768;12769;9;+
chrM;12769;12770;10;+
chrM;12770;12771;5;+
chrM;12771;12772;9;+
chrM;12772;12773;3;+
chrM;12773;12774;6;+
chrM;12774;12775;12;+
chrM;12775;12776;6;+
chrM;12776;12777;3;+
chrM;12778;12779;1;+
chrM;12779;12780;4;+
chrM;12783;12784;1;+
chrM;12785;12786;1;+
chrM;12835;12836;1;+
chrM;12836;12837;4;+
chrM;12837;12838;2;+
chrM;12840;12841;1;+
chrM;12841;12842;15;+
chrM;12842;12843;1;+
chrM;12844;12845;2;+
chrM;12845;12846;5;+
chrM;12846;12847;1;+
chrM;12847;12848;4;+
chrM;12848;12849;3;+
chrM;12849;12850;1;+
chrM;12850;12851;1;+
chrM;12851;12852;1;+
chrM;12852;12853;3;+
chrM;12853;12854;9;+
chrM;12856;12857;6;+
chrM;12857;12858;8;+
chrM;12858;12859;19;+
chrM;12859;12860;34;+
chrM;12860;12861;2;+
chrM;12862;12863;8;+
chrM;12863;12864;2;+
chrM;12865;12866;1;+
chrM;12866;12867;5;+
chrM;12867;12868;14;+
chrM;12868;12869;13;+
chrM;12869;12870;1;+
chrM;12871;12872;1;+
chrM;12872;12873;2;+
chrM;12873;12874;4;+
chrM;12874;12875;7;+
chrM;12875;12876;1;+
chrM;12876;12877;2;+
chrM;12877;12878;3;+
chrM;12878;12879;4;+
chrM;12883;12884;4;+
chrM;12884;12885;1;+
chrM;12885;12886;2;+
chrM;12886;12887;2;+
chrM;12889;12890;1;+
chrM;12892;12893;2;+
chrM;12893;12894;1;+
chrM;12895;12896;1;+
chrM;12901;12902;4;+
chrM;12902;12903;4;+
chrM;12942;12943;1;+
chrM;12943;12944;1;+
chrM;12944;12945;7;+
chrM;12945;12946;9;+
chrM;12946;12947;6;+
chrM;12947;12948;10;+
chrM;12948;12949;4;+
chrM;12950;12951;2;+
chrM;12951;12952;4;+
chrM;12952;12953;2;+
chrM;12953;12954;15;+
chrM;12954;12955;5;+
chrM;12956;12957;2;+
chrM;12957;12958;6;+
chrM;12958;12959;6;+
chrM;12959;12960;15;+
chrM;12961;12962;7;+
chrM;12962;12963;1;+
chrM;12963;12964;1;+
chrM;12964;12965;4;+
chrM;12965;12966;4;+
chrM;12967;12968;7;+
chrM;12969;12970;3;+
chrM;12970;12971;5;+
chrM;12976;12977;2;+
chrM;12977;12978;1;+
chrM;12978;12979;3;+
chrM;12983;12984;4;+
chrM;12984;12985;6;+
chrM;12985;12986;3;+
chrM;12986;12987;8;+
chrM;12987;12988;1;+
chrM;12988;12989;1;+
chrM;12989;12990;2;+
chrM;12997;12998;3;+
chrM;13001;13002;3;+
chrM;13002;13003;1;+
chrM;13005;13006;3;+
chrM;13006;13007;1;+
chrM;13007;13008;2;+
chrM;13009;13010;3;+
chrM;13010;13011;6;+
chrM;13011;13012;5;+
chrM;13013;13014;1;+
chrM;13015;13016;14;+
chrM;13016;13017;1;+
chrM;13033;13034;3;+
chrM;13035;13036;1;+
chrM;13037;13038;1;+
chrM;13039;13040;2;+
chrM;13040;13041;2;+
chrM;13044;13045;1;+
chrM;13046;13047;15;+
chrM;13047;13048;11;+
chrM;13048;13049;3;+
chrM;13052;13053;3;+
chrM;13053;13054;2;+
chrM;13054;13055;6;+
chrM;13055;13056;8;+
chrM;13098;13099;2;+
chrM;13099;13100;15;+
chrM;13100;13101;4;+
chrM;13102;13103;2;+
chrM;13103;13104;7;+
chrM;13104;13105;2;+
chrM;13108;13109;5;+
chrM;13109;13110;3;+
chrM;13110;13111;7;+
chrM;13111;13112;19;+
chrM;13112;13113;1;+
chrM;13114;13115;6;+
chrM;13115;13116;5;+
chrM;13117;13118;2;+
chrM;13118;13119;3;+
chrM;13119;13120;10;+
chrM;13120;13121;10;+
chrM;13121;13122;1;+
chrM;13123;13124;3;+
chrM;13124;13125;5;+
chrM;13125;13126;1;+
chrM;13126;13127;3;+
chrM;13127;13128;1;+
chrM;13128;13129;1;+
chrM;13131;13132;1;+
chrM;13132;13133;24;+
chrM;13133;13134;10;+
chrM;13134;13135;3;+
chrM;13135;13136;8;+
chrM;13136;13137;1;+
chrM;13140;13141;3;+
chrM;13141;13142;2;+
chrM;13142;13143;6;+
chrM;13158;13159;1;+
chrM;13159;13160;1;+
chrM;13160;13161;3;+
chrM;13162;13163;5;+
chrM;13163;13164;10;+
chrM;13164;13165;1;+
chrM;13165;13166;1;+
chrM;13166;13167;9;+
chrM;13167;13168;8;+
chrM;13169;13170;11;+
chrM;13170;13171;1;+
chrM;13171;13172;2;+
chrM;13173;13174;1;+
chrM;13174;13175;5;+
chrM;13175;13176;5;+
chrM;13176;13177;2;+
chrM;13177;13178;3;+
chrM;13178;13179;1;+
chrM;13192;13193;6;+
chrM;13205;13206;4;+
chrM;13206;13207;12;+
chrM;13209;13210;3;+
chrM;13210;13211;9;+
chrM;13211;13212;4;+
chrM;13212;13213;20;+
chrM;13213;13214;26;+
chrM;13216;13217;1;+
chrM;13217;13218;1;+
chrM;13222;13223;2;+
chrM;13223;13224;2;+
chrM;13224;13225;2;+
chrM;13225;13226;6;+
chrM;13228;13229;6;+
chrM;13230;13231;3;+
chrM;13231;13232;16;+
chrM;13232;13233;1;+
chrM;13287;13288;2;+
chrM;13288;13289;6;+
chrM;13289;13290;2;+
chrM;13292;13293;2;+
chrM;13293;13294;6;+
chrM;13294;13295;9;+
chrM;13295;13296;5;+
chrM;13296;13297;3;+
chrM;13299;13300;2;+
chrM;13300;13301;3;+
chrM;13301;13302;1;+
chrM;13302;13303;2;+
chrM;13303;13304;3;+
chrM;13304;13305;9;+
chrM;13305;13306;16;+
chrM;13306;13307;2;+
chrM;13308;13309;9;+
chrM;13309;13310;11;+
chrM;13310;13311;1;+
chrM;13311;13312;1;+
chrM;13312;13313;3;+
chrM;13313;13314;1;+
chrM;13315;13316;1;+
chrM;13317;13318;10;+
chrM;13318;13319;16;+
chrM;13319;13320;21;+
chrM;13320;13321;13;+
chrM;13321;13322;31;+
chrM;13322;13323;7;+
chrM;13323;13324;1;+
chrM;13324;13325;1;+
chrM;13326;13327;1;+
chrM;13327;13328;1;+
chrM;13328;13329;2;+
chrM;13329;13330;7;+
chrM;13330;13331;21;+
chrM;13331;13332;10;+
chrM;13332;13333;1;+
chrM;13333;13334;1;+
chrM;13334;13335;4;+
chrM;13337;13338;1;+
chrM;13346;13347;14;+
chrM;13351;13352;7;+
chrM;13357;13358;4;+
chrM;13378;13379;38;+
chrM;13379;13380;4;+
chrM;13384;13385;1;+
chrM;13387;13388;3;+
chrM;13388;13389;5;+
chrM;13389;13390;12;+
chrM;13390;13391;19;+
chrM;13391;13392;1;+
chrM;13393;13394;2;+
chrM;13394;13395;4;+
chrM;13395;13396;13;+
chrM;13396;13397;8;+
chrM;13397;13398;7;+
chrM;13398;13399;8;+
chrM;13399;13400;19;+
chrM;13424;13425;5;+
chrM;13425;13426;2;+
chrM;13426;13427;4;+
chrM;13427;13428;3;+
chrM;13428;13429;7;+
chrM;13429;13430;37;+
chrM;13430;13431;22;+
chrM;13434;13435;1;+
chrM;13436;13437;9;+
chrM;13485;13486;2;+
chrM;13486;13487;3;+
chrM;13489;13490;3;+
chrM;13495;13496;1;+
chrM;13498;13499;1;+
chrM;13499;13500;2;+
chrM;13500;13501;1;+
chrM;13502;13503;1;+
chrM;13505;13506;1;+
chrM;13520;13521;1;+
chrM;13523;13524;1;+
chrM;13524;13525;2;+
chrM;13525;13526;1;+
chrM;13526;13527;4;+
chrM;13528;13529;1;+
chrM;13531;13532;2;+
chrM;13538;13539;2;+
chrM;13541;13542;2;+
chrM;13543;13544;1;+
chrM;13545;13546;1;+
chrM;13548;13549;2;+
chrM;13549;13550;1;+
chrM;13550;13551;1;+
chrM;13551;13552;1;+
chrM;13553;13554;1;+
chrM;13594;13595;2;+
chrM;13595;13596;3;+
chrM;13596;13597;1;+
chrM;13602;13603;1;+
chrM;13604;13605;5;+
chrM;13605;13606;24;+
chrM;13606;13607;5;+
chrM;13607;13608;6;+
chrM;13608;13609;8;+
chrM;13609;13610;13;+
chrM;13625;13626;1;+
chrM;13626;13627;10;+
chrM;13628;13629;2;+
chrM;13629;13630;17;+
chrM;13630;13631;7;+
chrM;13631;13632;2;+
chrM;13632;13633;1;+
chrM;13633;13634;1;+
chrM;13635;13636;3;+
chrM;13643;13644;1;+
chrM;13644;13645;2;+
chrM;13645;13646;7;+
chrM;13646;13647;10;+
chrM;13647;13648;5;+
chrM;13648;13649;3;+
chrM;13649;13650;1;+
chrM;13650;13651;1;+
chrM;13651;13652;7;+
chrM;13652;13653;5;+
chrM;13653;13654;17;+
chrM;13654;13655;3;+
chrM;13656;13657;1;+
chrM;13657;13658;2;+
chrM;13658;13659;1;+
chrM;13659;13660;3;+
chrM;13678;13679;9;+
chrM;13689;13690;5;+
chrM;13690;13691;7;+
chrM;13704;13705;9;+
chrM;13713;13714;3;+
chrM;13719;13720;10;+
chrM;13720;13721;3;+
chrM;13722;13723;1;+
chrM;13725;13726;2;+
chrM;13773;13774;1;+
chrM;13774;13775;3;+
chrM;13805;13806;12;+
chrM;13810;13811;1;+
chrM;13813;13814;1;+
chrM;13814;13815;5;+
chrM;13815;13816;3;+
chrM;13816;13817;1;+
chrM;13817;13818;4;+
chrM;13822;13823;1;+
chrM;13823;13824;2;+
chrM;13824;13825;5;+
chrM;13825;13826;21;+
chrM;13826;13827;35;+
chrM;13827;13828;13;+
chrM;13829;13830;2;+
chrM;13830;13831;6;+
chrM;13831;13832;6;+
chrM;13832;13833;4;+
chrM;13833;13834;9;+
chrM;13834;13835;6;+
chrM;13835;13836;16;+
chrM;13836;13837;5;+
chrM;13838;13839;1;+
chrM;13840;13841;1;+
chrM;13841;13842;3;+
chrM;13842;13843;4;+
chrM;13843;13844;3;+
chrM;13844;13845;22;+
chrM;13845;13846;13;+
chrM;13846;13847;2;+
chrM;13847;13848;4;+
chrM;13848;13849;17;+
chrM;13849;13850;2;+
chrM;13850;13851;7;+
chrM;13852;13853;15;+
chrM;13870;13871;42;+
chrM;13871;13872;4;+
chrM;13985;13986;1;+
chrM;13986;13987;4;+
chrM;13987;13988;11;+
chrM;13991;13992;2;+
chrM;13994;13995;1;+
chrM;13997;13998;2;+
chrM;13998;13999;10;+
chrM;13999;14000;26;+
chrM;14000;14001;11;+
chrM;14001;14002;2;+
chrM;14003;14004;5;+
chrM;14058;14059;1;+
chrM;14064;14065;1;+
chrM;14068;14069;1;+
chrM;14070;14071;1;+
chrM;14071;14072;1;+
chrM;14074;14075;1;+
chrM;14075;14076;2;+
chrM;14076;14077;6;+
chrM;14077;14078;1;+
chrM;14078;14079;2;+
chrM;14080;14081;2;+
chrM;14081;14082;1;+
chrM;14084;14085;5;+
chrM;14086;14087;3;+
chrM;14110;14111;1;+
chrM;14112;14113;1;+
chrM;14188;14189;2;+
chrM;14190;14191;2;+
chrM;14191;14192;4;+
chrM;14192;14193;3;+
chrM;14193;14194;1;+
chrM;14194;14195;1;+
chrM;14195;14196;1;+
chrM;14196;14197;1;+
chrM;14199;14200;2;+
chrM;14202;14203;1;+
chrM;14204;14205;1;+
chrM;14205;14206;7;+
chrM;14206;14207;7;+
chrM;14208;14209;1;+
chrM;14209;14210;4;+
chrM;14210;14211;7;+
chrM;14211;14212;2;+
chrM;14212;14213;4;+
chrM;14213;14214;7;+
chrM;14214;14215;10;+
chrM;14215;14216;11;+
chrM;14216;14217;4;+
chrM;14220;14221;3;+
chrM;14221;14222;4;+
chrM;14222;14223;3;+
chrM;14223;14224;3;+
chrM;14227;14228;1;+
chrM;14229;14230;1;+
chrM;14230;14231;1;+
chrM;14232;14233;2;+
chrM;14235;14236;6;+
chrM;14236;14237;14;+
chrM;14237;14238;3;+
chrM;14241;14242;3;+
chrM;14242;14243;1;+
chrM;14243;14244;2;+
chrM;14244;14245;1;+
chrM;14245;14246;8;+
chrM;14246;14247;4;+
chrM;14247;14248;5;+
chrM;14248;14249;2;+
chrM;14249;14250;4;+
chrM;14251;14252;3;+
chrM;14252;14253;1;+
chrM;14253;14254;1;+
chrM;14254;14255;4;+
chrM;14256;14257;3;+
chrM;14257;14258;17;+
chrM;14258;14259;2;+
chrM;14259;14260;1;+
chrM;14260;14261;4;+
chrM;14261;14262;4;+
chrM;14267;14268;3;+
chrM;14271;14272;3;+
chrM;14272;14273;7;+
chrM;14273;14274;14;+
chrM;14274;14275;16;+
chrM;14275;14276;7;+
chrM;14279;14280;2;+
chrM;14281;14282;2;+
chrM;14282;14283;1;+
chrM;14284;14285;3;+
chrM;14285;14286;4;+
chrM;14286;14287;2;+
chrM;14287;14288;3;+
chrM;14288;14289;3;+
chrM;14289;14290;4;+
chrM;14290;14291;3;+
chrM;14291;14292;3;+
chrM;14314;14315;2;+
chrM;14316;14317;2;+
chrM;14320;14321;1;+
chrM;14321;14322;4;+
chrM;14325;14326;1;+
chrM;14326;14327;3;+
chrM;14327;14328;1;+
chrM;14329;14330;3;+
chrM;14330;14331;4;+
chrM;14331;14332;8;+
chrM;14332;14333;1;+
chrM;14333;14334;1;+
chrM;14334;14335;3;+
chrM;14335;14336;1;+
chrM;14337;14338;1;+
chrM;14338;14339;4;+
chrM;14340;14341;1;+
chrM;14341;14342;7;+
chrM;14345;14346;2;+
chrM;14346;14347;2;+
chrM;14347;14348;3;+
chrM;14348;14349;3;+
chrM;14351;14352;1;+
chrM;14353;14354;1;+
chrM;14354;14355;5;+
chrM;14355;14356;10;+
chrM;14356;14357;8;+
chrM;14357;14358;2;+
chrM;14360;14361;2;+
chrM;14361;14362;12;+
chrM;14362;14363;5;+
chrM;14363;14364;1;+
chrM;14364;14365;1;+
chrM;14368;14369;1;+
chrM;14369;14370;3;+
chrM;14370;14371;20;+
chrM;14374;14375;6;+
chrM;14385;14386;1;+
chrM;14392;14393;1;+
chrM;14394;14395;7;+
chrM;14395;14396;8;+
chrM;14396;14397;1;+
chrM;14399;14400;3;+
chrM;14400;14401;8;+
chrM;14401;14402;10;+
chrM;14404;14405;5;+
chrM;14405;14406;14;+
chrM;14406;14407;11;+
chrM;14407;14408;6;+
chrM;14408;14409;3;+
chrM;14410;14411;1;+
chrM;14412;14413;1;+
chrM;14423;14424;4;+
chrM;14424;14425;7;+
chrM;14425;14426;1;+
chrM;14429;14430;1;+
chrM;14430;14431;1;+
chrM;14431;14432;10;+
chrM;14432;14433;3;+
chrM;14433;14434;3;+
chrM;14435;14436;2;+
chrM;14436;14437;1;+
chrM;14437;14438;3;+
chrM;14438;14439;11;+
chrM;14439;14440;6;+
chrM;14440;14441;19;+
chrM;14441;14442;1;+
chrM;14442;14443;8;+
chrM;14443;14444;26;+
chrM;14444;14445;7;+
chrM;14445;14446;4;+
chrM;14446;14447;5;+
chrM;14449;14450;1;+
chrM;14454;14455;2;+
chrM;14476;14477;1;+
chrM;14480;14481;4;+
chrM;14481;14482;8;+
chrM;14482;14483;15;+
chrM;14485;14486;1;+
chrM;14486;14487;2;+
chrM;14488;14489;2;+
chrM;14490;14491;2;+
chrM;14491;14492;9;+
chrM;14492;14493;1;+
chrM;14493;14494;1;+
chrM;14494;14495;8;+
chrM;14496;14497;2;+
chrM;14499;14500;1;+
chrM;14500;14501;3;+
chrM;14502;14503;3;+
chrM;14503;14504;9;+
chrM;14504;14505;2;+
chrM;14505;14506;1;+
chrM;14508;14509;2;+
chrM;14509;14510;8;+
chrM;14511;14512;1;+
chrM;14512;14513;3;+
chrM;14513;14514;1;+
chrM;14514;14515;2;+
chrM;14518;14519;3;+
chrM;14519;14520;4;+
chrM;14520;14521;4;+
chrM;14523;14524;2;+
chrM;14524;14525;6;+
chrM;14530;14531;1;+
chrM;14533;14534;2;+
chrM;14534;14535;10;+
chrM;14535;14536;11;+
chrM;14536;14537;1;+
chrM;14537;14538;2;+
chrM;14538;14539;8;+
chrM;14539;14540;4;+
chrM;14545;14546;12;+
chrM;14548;14549;20;+
chrM;14549;14550;1;+
chrM;14550;14551;5;+
chrM;14551;14552;15;+
chrM;14552;14553;1;+
chrM;14553;14554;3;+
chrM;14554;14555;3;+
chrM;14560;14561;2;+
chrM;14564;14565;2;+
chrM;14565;14566;4;+
chrM;14566;14567;21;+
chrM;14567;14568;1;+
chrM;14568;14569;10;+
chrM;14569;14570;9;+
chrM;14570;14571;5;+
chrM;14571;14572;4;+
chrM;14572;14573;18;+
chrM;14573;14574;35;+
chrM;14574;14575;7;+
chrM;14575;14576;5;+
chrM;14576;14577;1;+
chrM;14577;14578;1;+
chrM;14578;14579;1;+
chrM;14581;14582;2;+
chrM;14584;14585;1;+
chrM;14585;14586;1;+
chrM;14587;14588;1;+
chrM;14588;14589;1;+
chrM;14590;14591;5;+
chrM;14591;14592;2;+
chrM;14592;14593;4;+
chrM;14593;14594;6;+
chrM;14595;14596;2;+
chrM;14596;14597;4;+
chrM;14597;14598;2;+
chrM;14600;14601;3;+
chrM;14601;14602;6;+
chrM;14602;14603;3;+
chrM;14605;14606;19;+
chrM;14606;14607;4;+
chrM;14607;14608;1;+
chrM;14620;14621;1;+
chrM;14621;14622;4;+
chrM;14622;14623;7;+
chrM;14623;14624;8;+
chrM;14624;14625;2;+
chrM;14626;14627;7;+
chrM;14627;14628;10;+
chrM;14628;14629;25;+
chrM;14629;14630;5;+
chrM;14631;14632;1;+
chrM;14632;14633;12;+
chrM;14633;14634;3;+
chrM;14634;14635;1;+
chrM;14635;14636;1;+
chrM;14636;14637;1;+
chrM;14637;14638;1;+
chrM;14638;14639;10;+
chrM;14639;14640;3;+
chrM;14640;14641;6;+
chrM;14641;14642;26;+
chrM;14642;14643;27;+
chrM;14643;14644;24;+
chrM;14644;14645;5;+
chrM;14645;14646;4;+
chrM;14646;14647;2;+
chrM;14647;14648;1;+
chrM;14648;14649;2;+
chrM;14650;14651;3;+
chrM;14652;14653;1;+
chrM;14653;14654;7;+
chrM;14654;14655;2;+
chrM;14655;14656;2;+
chrM;14656;14657;2;+
chrM;14657;14658;15;+
chrM;14658;14659;11;+
chrM;14661;14662;1;+
chrM;14662;14663;5;+
chrM;14663;14664;23;+
chrM;14664;14665;16;+
chrM;14665;14666;2;+
chrM;14667;14668;3;+
chrM;14671;14672;1;+
chrM;14672;14673;2;+
chrM;14673;14674;16;+
chrM;14674;14675;6;+
chrM;14682;14683;3;+
chrM;14683;14684;6;+
chrM;14684;14685;1;+
chrM;14685;14686;1;+
chrM;14687;14688;3;+
chrM;14688;14689;2;+
chrM;14689;14690;2;+
chrM;14690;14691;3;+
chrM;14691;14692;5;+
chrM;14693;14694;1;+
chrM;14695;14696;2;+
chrM;14696;14697;5;+
chrM;14697;14698;3;+
chrM;14700;14701;4;+
chrM;14701;14702;9;+
chrM;14702;14703;6;+
chrM;14704;14705;1;+
chrM;14706;14707;1;+
chrM;14711;14712;3;+
chrM;14712;14713;5;+
chrM;14713;14714;9;+
chrM;14714;14715;10;+
chrM;14715;14716;9;+
chrM;14716;14717;5;+
chrM;14717;14718;5;+
chrM;14718;14719;11;+
chrM;14719;14720;15;+
chrM;14721;14722;3;+
chrM;14722;14723;13;+
chrM;14723;14724;1;+
chrM;14726;14727;2;+
chrM;14727;14728;3;+
chrM;14728;14729;4;+
chrM;14729;14730;1;+
chrM;14730;14731;1;+
chrM;14732;14733;3;+
chrM;14733;14734;3;+
chrM;14734;14735;3;+
chrM;14735;14736;5;+
chrM;14736;14737;6;+
chrM;14737;14738;7;+
chrM;14738;14739;6;+
chrM;14784;14785;4;+
chrM;14788;14789;12;+
chrM;14789;14790;5;+
chrM;14790;14791;3;+
chrM;14791;14792;1;+
chrM;14800;14801;3;+
chrM;14819;14820;2;+
chrM;14821;14822;3;+
chrM;14822;14823;4;+
chrM;14823;14824;3;+
chrM;14825;14826;1;+
chrM;14826;14827;2;+
chrM;14828;14829;1;+
chrM;14831;14832;3;+
chrM;14832;14833;4;+
chrM;14833;14834;12;+
chrM;14834;14835;2;+
chrM;14836;14837;2;+
chrM;14837;14838;6;+
chrM;14838;14839;1;+
chrM;14840;14841;1;+
chrM;14841;14842;7;+
chrM;14842;14843;9;+
chrM;14845;14846;1;+
chrM;14846;14847;7;+
chrM;14847;14848;1;+
chrM;14848;14849;1;+
chrM;14852;14853;1;+
chrM;14853;14854;1;+
chrM;14854;14855;2;+
chrM;14859;14860;1;+
chrM;14861;14862;3;+
chrM;14862;14863;1;+
chrM;14866;14867;1;+
chrM;14867;14868;2;+
chrM;14868;14869;7;+
chrM;14869;14870;11;+
chrM;14871;14872;1;+
chrM;14872;14873;5;+
chrM;14879;14880;1;+
chrM;14907;14908;2;+
chrM;14908;14909;1;+
chrM;14917;14918;13;+
chrM;14921;14922;13;+
chrM;14922;14923;1;+
chrM;14923;14924;1;+
chrM;14926;14927;7;+
chrM;14927;14928;3;+
chrM;14933;14934;3;+
chrM;14935;14936;2;+
chrM;14938;14939;15;+
chrM;14945;14946;1;+
chrM;14948;14949;1;+
chrM;14951;14952;1;+
chrM;14952;14953;3;+
chrM;14953;14954;5;+
chrM;14954;14955;10;+
chrM;14955;14956;18;+
chrM;14956;14957;1;+
chrM;14959;14960;1;+
chrM;14960;14961;2;+
chrM;14961;14962;1;+
chrM;14962;14963;1;+
chrM;14964;14965;1;+
chrM;14966;14967;1;+
chrM;14967;14968;5;+
chrM;14968;14969;7;+
chrM;14971;14972;2;+
chrM;14972;14973;1;+
chrM;14973;14974;3;+
chrM;14974;14975;8;+
chrM;14975;14976;9;+
chrM;14976;14977;1;+
chrM;14977;14978;1;+
chrM;14978;14979;4;+
chrM;14979;14980;11;+
chrM;14980;14981;10;+
chrM;14981;14982;8;+
chrM;14982;14983;6;+
chrM;14986;14987;7;+
chrM;14993;14994;1;+
chrM;14995;14996;1;+
chrM;14996;14997;2;+
chrM;14997;14998;13;+
chrM;14998;14999;12;+
chrM;14999;15000;9;+
chrM;15000;15001;3;+
chrM;15002;15003;1;+
chrM;15003;15004;1;+
chrM;15004;15005;1;+
chrM;15006;15007;1;+
chrM;15007;15008;4;+
chrM;15008;15009;1;+
chrM;15009;15010;3;+
chrM;15010;15011;14;+
chrM;15012;15013;2;+
chrM;15013;15014;4;+
chrM;15014;15015;5;+
chrM;15015;15016;6;+
chrM;15016;15017;5;+
chrM;15017;15018;4;+
chrM;15018;15019;4;+
chrM;15019;15020;12;+
chrM;15020;15021;2;+
chrM;15021;15022;2;+
chrM;15022;15023;3;+
chrM;15023;15024;4;+
chrM;15024;15025;5;+
chrM;15025;15026;1;+
chrM;15028;15029;1;+
chrM;15030;15031;2;+
chrM;15033;15034;1;+
chrM;15034;15035;7;+
chrM;15035;15036;1;+
chrM;15036;15037;3;+
chrM;15037;15038;2;+
chrM;15038;15039;4;+
chrM;15039;15040;4;+
chrM;15040;15041;22;+
chrM;15041;15042;1;+
chrM;15048;15049;4;+
chrM;15049;15050;8;+
chrM;15050;15051;9;+
chrM;15051;15052;16;+
chrM;15052;15053;23;+
chrM;15053;15054;3;+
chrM;15055;15056;1;+
chrM;15057;15058;1;+
chrM;15058;15059;1;+
chrM;15059;15060;2;+
chrM;15078;15079;10;+
chrM;15079;15080;2;+
chrM;15081;15082;3;+
chrM;15082;15083;8;+
chrM;15083;15084;3;+
chrM;15085;15086;2;+
chrM;15086;15087;9;+
chrM;15087;15088;10;+
chrM;15088;15089;11;+
chrM;15089;15090;1;+
chrM;15091;15092;1;+
chrM;15095;15096;1;+
chrM;15096;15097;3;+
chrM;15100;15101;12;+
chrM;15101;15102;5;+
chrM;15104;15105;6;+
chrM;15105;15106;1;+
chrM;15106;15107;4;+
chrM;15107;15108;1;+
chrM;15108;15109;4;+
chrM;15109;15110;1;+
chrM;15116;15117;3;+
chrM;15117;15118;1;+
chrM;15119;15120;3;+
chrM;15120;15121;11;+
chrM;15121;15122;3;+
chrM;15122;15123;1;+
chrM;15125;15126;2;+
chrM;15126;15127;4;+
chrM;15127;15128;6;+
chrM;15129;15130;1;+
chrM;15130;15131;7;+
chrM;15131;15132;1;+
chrM;15132;15133;2;+
chrM;15133;15134;8;+
chrM;15134;15135;12;+
chrM;15135;15136;6;+
chrM;15137;15138;1;+
chrM;15138;15139;11;+
chrM;15139;15140;10;+
chrM;15141;15142;2;+
chrM;15142;15143;8;+
chrM;15143;15144;3;+
chrM;15145;15146;1;+
chrM;15146;15147;6;+
chrM;15151;15152;1;+
chrM;15152;15153;6;+
chrM;15153;15154;11;+
chrM;15154;15155;11;+
chrM;15157;15158;2;+
chrM;15158;15159;2;+
chrM;15159;15160;6;+
chrM;15160;15161;10;+
chrM;15166;15167;6;+
chrM;15169;15170;7;+
chrM;15170;15171;5;+
chrM;15172;15173;2;+
chrM;15174;15175;1;+
chrM;15177;15178;2;+
chrM;15181;15182;8;+
chrM;15182;15183;5;+
chrM;15185;15186;2;+
chrM;15195;15196;1;+
chrM;15196;15197;1;+
chrM;15197;15198;14;+
chrM;15198;15199;14;+
chrM;15199;15200;8;+
chrM;15201;15202;1;+
chrM;15202;15203;5;+
chrM;15203;15204;1;+
chrM;15204;15205;2;+
chrM;15205;15206;3;+
chrM;15206;15207;4;+
chrM;15207;15208;7;+
chrM;15208;15209;4;+
chrM;15209;15210;3;+
chrM;15210;15211;4;+
chrM;15211;15212;2;+
chrM;15212;15213;2;+
chrM;15213;15214;2;+
chrM;15214;15215;7;+
chrM;15218;15219;1;+
chrM;15219;15220;1;+
chrM;15220;15221;2;+
chrM;15221;15222;1;+
chrM;15223;15224;9;+
chrM;15224;15225;1;+
chrM;15226;15227;1;+
chrM;15227;15228;4;+
chrM;15230;15231;2;+
chrM;15235;15236;1;+
chrM;15236;15237;1;+
chrM;15239;15240;1;+
chrM;15245;15246;2;+
chrM;15274;15275;6;+
chrM;15281;15282;1;+
chrM;15286;15287;3;+
chrM;15287;15288;4;+
chrM;15294;15295;7;+
chrM;15296;15297;1;+
chrM;15299;15300;3;+
chrM;15308;15309;1;+
chrM;15310;15311;1;+
chrM;15311;15312;2;+
chrM;15312;15313;2;+
chrM;15313;15314;4;+
chrM;15326;15327;5;+
chrM;15327;15328;11;+
chrM;15328;15329;15;+
chrM;15329;15330;3;+
chrM;15332;15333;1;+
chrM;15333;15334;5;+
chrM;15337;15338;2;+
chrM;15339;15340;1;+
chrM;15357;15358;9;+
chrM;15358;15359;1;+
chrM;15360;15361;5;+
chrM;15363;15364;6;+
chrM;15364;15365;3;+
chrM;15366;15367;1;+
chrM;15367;15368;5;+
chrM;15370;15371;3;+
chrM;15371;15372;3;+
chrM;15374;15375;1;+
chrM;15375;15376;3;+
chrM;15377;15378;5;+
chrM;15378;15379;5;+
chrM;15379;15380;1;+
chrM;15380;15381;2;+
chrM;15381;15382;5;+
chrM;15382;15383;3;+
chrM;15383;15384;8;+
chrM;15384;15385;10;+
chrM;15385;15386;8;+
chrM;15386;15387;6;+
chrM;15387;15388;5;+
chrM;15388;15389;1;+
chrM;15389;15390;2;+
chrM;15392;15393;3;+
chrM;15396;15397;3;+
chrM;15397;15398;5;+
chrM;15398;15399;9;+
chrM;15399;15400;3;+
chrM;15400;15401;5;+
chrM;15404;15405;2;+
chrM;15405;15406;1;+
chrM;15444;15445;1;+
chrM;15445;15446;1;+
chrM;15447;15448;1;+
chrM;15448;15449;2;+
chrM;15449;15450;4;+
chrM;15450;15451;15;+
chrM;15451;15452;1;+
chrM;15452;15453;7;+
chrM;15453;15454;5;+
chrM;15456;15457;2;+
chrM;15460;15461;11;+
chrM;15466;15467;3;+
chrM;15467;15468;4;+
chrM;15468;15469;1;+
chrM;15469;15470;2;+
chrM;15470;15471;1;+
chrM;15472;15473;1;+
chrM;15499;15500;12;+
chrM;15502;15503;13;+
chrM;15504;15505;2;+
chrM;15505;15506;2;+
chrM;15507;15508;2;+
chrM;15554;15555;1;+
chrM;15590;15591;1;+
chrM;15593;15594;2;+
chrM;15594;15595;1;+
chrM;15595;15596;2;+
chrM;15600;15601;3;+
chrM;15601;15602;2;+
chrM;15603;15604;2;+
chrM;15608;15609;2;+
chrM;15609;15610;4;+
chrM;15610;15611;4;+
chrM;15611;15612;1;+
chrM;15625;15626;1;+
chrM;15626;15627;1;+
chrM;15627;15628;3;+
chrM;15628;15629;7;+
chrM;15629;15630;5;+
chrM;15632;15633;2;+
chrM;15633;15634;3;+
chrM;15634;15635;1;+
chrM;15635;15636;3;+
chrM;15636;15637;1;+
chrM;15637;15638;1;+
chrM;15638;15639;2;+
chrM;15643;15644;2;+
chrM;15644;15645;3;+
chrM;15647;15648;1;+
chrM;15648;15649;1;+
chrM;15650;15651;3;+
chrM;15651;15652;1;+
chrM;15653;15654;8;+
chrM;15654;15655;8;+
chrM;15655;15656;3;+
chrM;15661;15662;3;+
chrM;15662;15663;1;+
chrM;15666;15667;1;+
chrM;15668;15669;1;+
chrM;15671;15672;2;+
chrM;15672;15673;9;+
chrM;15673;15674;10;+
chrM;15674;15675;5;+
chrM;15678;15679;4;+
chrM;15679;15680;2;+
chrM;15680;15681;1;+
chrM;15681;15682;3;+
chrM;15682;15683;1;+
chrM;15689;15690;4;+
chrM;15690;15691;1;+
chrM;15691;15692;1;+
chrM;15693;15694;2;+
chrM;15694;15695;1;+
chrM;15695;15696;1;+
chrM;15697;15698;1;+
chrM;15698;15699;4;+
chrM;15699;15700;4;+
chrM;15707;15708;1;+
chrM;15708;15709;2;+
chrM;15709;15710;2;+
chrM;15712;15713;1;+
chrM;15715;15716;3;+
chrM;15716;15717;6;+
chrM;15717;15718;13;+
chrM;15718;15719;3;+
chrM;15719;15720;6;+
chrM;15720;15721;14;+
chrM;15721;15722;2;+
chrM;15722;15723;4;+
chrM;15723;15724;9;+
chrM;15724;15725;5;+
chrM;15728;15729;1;+
chrM;15729;15730;2;+
chrM;15730;15731;1;+
chrM;15731;15732;5;+
chrM;15734;15735;2;+
chrM;15738;15739;1;+
chrM;15739;15740;2;+
chrM;15741;15742;2;+
chrM;15742;15743;4;+
chrM;15743;15744;4;+
chrM;15744;15745;8;+
chrM;15745;15746;7;+
chrM;15746;15747;2;+
chrM;15747;15748;6;+
chrM;15748;15749;6;+
chrM;15749;15750;6;+
chrM;15750;15751;2;+
chrM;15757;15758;2;+
chrM;15758;15759;1;+
chrM;15759;15760;1;+
chrM;15760;15761;9;+
chrM;15773;15774;4;+
chrM;15774;15775;5;+
chrM;15775;15776;3;+
chrM;15779;15780;1;+
chrM;15784;15785;3;+
chrM;15786;15787;2;+
chrM;15788;15789;1;+
chrM;15791;15792;2;+
chrM;15792;15793;6;+
chrM;15793;15794;6;+
chrM;15795;15796;1;+
chrM;15797;15798;4;+
chrM;15798;15799;1;+
chrM;15799;15800;1;+
chrM;15801;15802;1;+
chrM;15803;15804;1;+
chrM;15804;15805;1;+
chrM;15805;15806;1;+
chrM;15806;15807;1;+
chrM;15807;15808;1;+
chrM;15808;15809;1;+
chrM;15809;15810;5;+
chrM;15810;15811;12;+
chrM;15811;15812;2;+
chrM;15812;15813;1;+
chrM;15813;15814;4;+
chrM;15814;15815;1;+
chrM;15817;15818;1;+
chrM;15818;15819;2;+
chrM;15819;15820;4;+
chrM;15820;15821;6;+
chrM;15821;15822;3;+
chrM;15822;15823;3;+
chrM;15825;15826;3;+
chrM;15826;15827;2;+
chrM;15827;15828;2;+
chrM;15828;15829;5;+
chrM;15829;15830;17;+
chrM;15830;15831;4;+
chrM;15831;15832;5;+
chrM;15833;15834;3;+
chrM;15834;15835;3;+
chrM;15850;15851;2;+
chrM;15851;15852;1;+
chrM;15852;15853;1;+
chrM;15853;15854;3;+
chrM;15854;15855;2;+
chrM;15855;15856;2;+
chrM;15856;15857;3;+
chrM;15859;15860;2;+
chrM;15860;15861;7;+
chrM;15861;15862;1;+
chrM;15862;15863;2;+
chrM;15864;15865;1;+
chrM;15865;15866;4;+
chrM;15866;15867;11;+
chrM;15867;15868;12;+
chrM;15868;15869;4;+
chrM;15877;15878;2;+
chrM;15878;15879;5;+
chrM;15879;15880;1;+
chrM;15880;15881;13;+
chrM;15881;15882;4;+
chrM;15882;15883;2;+
chrM;15883;15884;2;+
chrM;15885;15886;6;+
chrM;15886;15887;12;+
chrM;15887;15888;6;+
chrM;15888;15889;1;+
chrM;15891;15892;1;+
chrM;15896;15897;2;+
chrM;15897;15898;7;+
chrM;15898;15899;8;+
chrM;15899;15900;4;+
chrM;15900;15901;6;+
chrM;15901;15902;10;+
chrM;15902;15903;2;+
chrM;15903;15904;7;+
chrM;15904;15905;1;+
chrM;15905;15906;1;+
chrM;15906;15907;6;+
chrM;15907;15908;7;+
chrM;15908;15909;2;+
chrM;15911;15912;1;+
chrM;15912;15913;1;+
chrM;15913;15914;2;+
chrM;15914;15915;2;+
chrM;15915;15916;1;+
chrM;15916;15917;2;+
chrM;15918;15919;1;+
chrM;15925;15926;1;+
chrM;15929;15930;4;+
chrM;15930;15931;6;+
chrM;15931;15932;5;+
chrM;15932;15933;9;+
chrM;15938;15939;4;+
chrM;15941;15942;7;+
chrM;15942;15943;1;+
chrM;15944;15945;1;+
chrM;15945;15946;3;+
chrM;15946;15947;1;+
chrM;15965;15966;2;+
chrM;15966;15967;4;+
chrM;15968;15969;1;+
chrM;15969;15970;1;+
chrM;15971;15972;4;+
chrM;15973;15974;2;+
chrM;15974;15975;1;+
chrM;15975;15976;3;+
chrM;15976;15977;2;+
chrM;15977;15978;1;+
chrM;15978;15979;3;+
chrM;15979;15980;8;+
chrM;15980;15981;14;+
chrM;15981;15982;4;+
chrM;15982;15983;4;+
chrM;15983;15984;1;+
chrM;15984;15985;2;+
chrM;15985;15986;9;+
chrM;15986;15987;5;+
chrM;15989;15990;8;+
chrM;15990;15991;24;+
chrM;15991;15992;4;+
chrM;15992;15993;7;+
chrM;15993;15994;20;+
chrM;15999;16000;1;+
chrM;16006;16007;1;+
chrM;16020;16021;16;+
chrM;16021;16022;5;+
chrM;16024;16025;3;+
chrM;16025;16026;1;+
chrM;16026;16027;1;+
chrM;16027;16028;9;+
chrM;16028;16029;38;+
chrM;16029;16030;2;+
chrM;16030;16031;1;+
chrM;16031;16032;2;+
chrM;16032;16033;5;+
chrM;16033;16034;9;+
chrM;16034;16035;10;+
chrM;16035;16036;3;+
chrM;16042;16043;14;+
chrM;16043;16044;1;+
chrM;16044;16045;1;+
chrM;16045;16046;1;+
chrM;16046;16047;2;+
chrM;16047;16048;9;+
chrM;16068;16069;13;+
chrM;16069;16070;2;+
chrM;16074;16075;49;+
chrM;16075;16076;19;+
chrM;16081;16082;1;+
chrM;16085;16086;1;+
chrM;16086;16087;2;+
chrM;16087;16088;3;+
chrM;16088;16089;2;+
chrM;16089;16090;5;+
chrM;16090;16091;5;+
chrM;16094;16095;6;+
chrM;16095;16096;11;+
chrM;16096;16097;17;+
chrM;16097;16098;14;+
chrM;16098;16099;30;+
chrM;16099;16100;15;+
chrM;16100;16101;6;+
chrM;16101;16102;3;+
chrM;16102;16103;9;+
chrM;16103;16104;7;+
chrM;16104;16105;7;+
chrM;16105;16106;6;+
chrM;16161;16162;1;+
chrM;16162;16163;8;+
chrM;16164;16165;2;+
chrM;16165;16166;5;+
chrM;16170;16171;3;+
chrM;16171;16172;12;+
chrM;16172;16173;9;+
chrM;16173;16174;1;+
chrM;16174;16175;1;+
chrM;16175;16176;2;+
chrM;16176;16177;2;+
chrM;16177;16178;5;+
chrM;16178;16179;6;+
chrM;16179;16180;21;+
chrM;16180;16181;9;+
chrM;16183;16184;3;+
chrM;16185;16186;2;+
chrM;16186;16187;1;+
chrM;16189;16190;5;+
chrM;16192;16193;19;+
chrM;16200;16201;16;+
chrM;16206;16207;1;+
chrM;16207;16208;1;+
chrM;16208;16209;1;+
chrM;16213;16214;1;+
chrM;16238;16239;4;+
chrM;16239;16240;7;+
chrM;16240;16241;1;+
chrM;16243;16244;1;+
chrM;16244;16245;1;+
chrM;16259;16260;9;+
chrM;16266;16267;3;+
chrM;16287;16288;1;+
chrM;16290;16291;1;+
chrM;16291;16292;1;+
chrM;16292;16293;1;+
chrM;16293;16294;2;+
chrM;16296;16297;1;+
chrM;16297;16298;3;+
chrM;16298;16299;3;+
chrM;2;3;2;-
chrM;3;4;1;-
chrM;4;5;2;-
chrM;5;6;4;-
chrM;6;7;2;-
chrM;7;8;8;-
chrM;8;9;5;-
chrM;9;10;1;-
chrM;12;13;5;-
chrM;15;16;1;-
chrM;17;18;1;-
chrM;18;19;1;-
chrM;19;20;1;-
chrM;20;21;1;-
chrM;21;22;2;-
chrM;22;23;2;-
chrM;23;24;2;-
chrM;25;26;1;-
chrM;27;28;2;-
chrM;28;29;4;-
chrM;29;30;2;-
chrM;31;32;4;-
chrM;36;37;6;-
chrM;37;38;21;-
chrM;38;39;5;-
chrM;40;41;2;-
chrM;41;42;15;-
chrM;42;43;8;-
chrM;43;44;1;-
chrM;44;45;5;-
chrM;45;46;17;-
chrM;46;47;10;-
chrM;52;53;3;-
chrM;53;54;11;-
chrM;60;61;3;-
chrM;63;64;1;-
chrM;64;65;1;-
chrM;65;66;4;-
chrM;66;67;7;-
chrM;67;68;3;-
chrM;68;69;2;-
chrM;69;70;1;-
chrM;70;71;4;-
chrM;71;72;3;-
chrM;72;73;2;-
chrM;75;76;8;-
chrM;76;77;23;-
chrM;77;78;5;-
chrM;79;80;6;-
chrM;80;81;5;-
chrM;81;82;11;-
chrM;82;83;34;-
chrM;83;84;11;-
chrM;84;85;1;-
chrM;85;86;2;-
chrM;86;87;1;-
chrM;89;90;1;-
chrM;102;103;1;-
chrM;103;104;1;-
chrM;109;110;1;-
chrM;110;111;18;-
chrM;111;112;19;-
chrM;112;113;7;-
chrM;113;114;5;-
chrM;114;115;3;-
chrM;115;116;13;-
chrM;116;117;18;-
chrM;117;118;9;-
chrM;120;121;2;-
chrM;121;122;5;-
chrM;122;123;7;-
chrM;123;124;2;-
chrM;124;125;53;-
chrM;125;126;17;-
chrM;126;127;2;-
chrM;127;128;1;-
chrM;128;129;3;-
chrM;129;130;6;-
chrM;130;131;1;-
chrM;131;132;6;-
chrM;132;133;20;-
chrM;133;134;19;-
chrM;134;135;8;-
chrM;136;137;1;-
chrM;142;143;1;-
chrM;143;144;11;-
chrM;144;145;14;-
chrM;145;146;4;-
chrM;148;149;1;-
chrM;149;150;2;-
chrM;150;151;1;-
chrM;152;153;2;-
chrM;156;157;13;-
chrM;163;164;1;-
chrM;174;175;7;-
chrM;175;176;5;-
chrM;176;177;1;-
chrM;178;179;1;-
chrM;179;180;2;-
chrM;180;181;2;-
chrM;181;182;2;-
chrM;182;183;8;-
chrM;183;184;5;-
chrM;184;185;1;-
chrM;185;186;2;-
chrM;190;191;1;-
chrM;195;196;12;-
chrM;196;197;4;-
chrM;197;198;4;-
chrM;198;199;1;-
chrM;199;200;1;-
chrM;201;202;4;-
chrM;202;203;5;-
chrM;203;204;2;-
chrM;204;205;9;-
chrM;205;206;4;-
chrM;206;207;3;-
chrM;207;208;4;-
chrM;208;209;1;-
chrM;209;210;10;-
chrM;210;211;35;-
chrM;211;212;21;-
chrM;212;213;1;-
chrM;213;214;1;-
chrM;214;215;19;-
chrM;215;216;8;-
chrM;216;217;8;-
chrM;217;218;7;-
chrM;218;219;18;-
chrM;219;220;13;-
chrM;220;221;17;-
chrM;221;222;11;-
chrM;222;223;20;-
chrM;223;224;20;-
chrM;224;225;18;-
chrM;225;226;19;-
chrM;226;227;14;-
chrM;227;228;23;-
chrM;228;229;42;-
chrM;229;230;6;-
chrM;230;231;2;-
chrM;231;232;4;-
chrM;232;233;1;-
chrM;233;234;2;-
chrM;234;235;18;-
chrM;235;236;19;-
chrM;236;237;6;-
chrM;237;238;1;-
chrM;238;239;3;-
chrM;239;240;1;-
chrM;241;242;1;-
chrM;249;250;1;-
chrM;250;251;1;-
chrM;251;252;2;-
chrM;252;253;6;-
chrM;253;254;7;-
chrM;255;256;1;-
chrM;260;261;1;-
chrM;261;262;4;-
chrM;262;263;3;-
chrM;269;270;2;-
chrM;270;271;6;-
chrM;271;272;12;-
chrM;272;273;1;-
chrM;275;276;1;-
chrM;276;277;2;-
chrM;277;278;1;-
chrM;281;282;6;-
chrM;282;283;7;-
chrM;283;284;1;-
chrM;284;285;2;-
chrM;290;291;1;-
chrM;291;292;1;-
chrM;308;309;6;-
chrM;309;310;7;-
chrM;310;311;5;-
chrM;311;312;8;-
chrM;312;313;5;-
chrM;313;314;11;-
chrM;314;315;5;-
chrM;315;316;14;-
chrM;316;317;28;-
chrM;317;318;22;-
chrM;318;319;8;-
chrM;319;320;2;-
chrM;320;321;2;-
chrM;321;322;4;-
chrM;322;323;2;-
chrM;324;325;6;-
chrM;325;326;12;-
chrM;326;327;8;-
chrM;327;328;2;-
chrM;328;329;1;-
chrM;330;331;1;-
chrM;331;332;4;-
chrM;332;333;16;-
chrM;333;334;30;-
chrM;334;335;11;-
chrM;335;336;7;-
chrM;337;338;1;-
chrM;338;339;1;-
chrM;340;341;2;-
chrM;341;342;1;-
chrM;348;349;20;-
chrM;349;350;84;-
chrM;350;351;44;-
chrM;351;352;21;-
chrM;352;353;7;-
chrM;353;354;5;-
chrM;357;358;2;-
chrM;359;360;12;-
chrM;360;361;17;-
chrM;361;362;5;-
chrM;362;363;1;-
chrM;363;364;1;-
chrM;364;365;2;-
chrM;366;367;1;-
chrM;367;368;1;-
chrM;368;369;1;-
chrM;376;377;1;-
chrM;381;382;1;-
chrM;383;384;15;-
chrM;384;385;5;-
chrM;385;386;2;-
chrM;389;390;1;-
chrM;392;393;1;-
chrM;394;395;26;-
chrM;395;396;6;-
chrM;396;397;2;-
chrM;397;398;4;-
chrM;401;402;3;-
chrM;403;404;1;-
chrM;405;406;4;-
chrM;406;407;2;-
chrM;413;414;7;-
chrM;414;415;13;-
chrM;415;416;1;-
chrM;416;417;1;-
chrM;425;426;10;-
chrM;426;427;6;-
chrM;429;430;1;-
chrM;430;431;2;-
chrM;431;432;3;-
chrM;432;433;4;-
chrM;433;434;29;-
chrM;434;435;6;-
chrM;435;436;1;-
chrM;438;439;12;-
chrM;439;440;12;-
chrM;440;441;7;-
chrM;441;442;1;-
chrM;442;443;3;-
chrM;443;444;3;-
chrM;449;450;6;-
chrM;450;451;4;-
chrM;451;452;1;-
chrM;452;453;28;-
chrM;453;454;7;-
chrM;454;455;1;-
chrM;455;456;5;-
chrM;456;457;4;-
chrM;458;459;1;-
chrM;459;460;1;-
chrM;470;471;4;-
chrM;471;472;12;-
chrM;472;473;12;-
chrM;473;474;9;-
chrM;474;475;3;-
chrM;476;477;6;-
chrM;477;478;5;-
chrM;478;479;3;-
chrM;479;480;7;-
chrM;480;481;7;-
chrM;481;482;26;-
chrM;482;483;13;-
chrM;483;484;5;-
chrM;485;486;4;-
chrM;486;487;16;-
chrM;487;488;83;-
chrM;488;489;187;-
chrM;489;490;22;-
chrM;490;491;8;-
chrM;492;493;1;-
chrM;494;495;7;-
chrM;495;496;3;-
chrM;498;499;8;-
chrM;499;500;16;-
chrM;500;501;43;-
chrM;501;502;33;-
chrM;502;503;14;-
chrM;503;504;12;-
chrM;504;505;2;-
chrM;506;507;3;-
chrM;507;508;9;-
chrM;508;509;17;-
chrM;509;510;3;-
chrM;510;511;1;-
chrM;511;512;3;-
chrM;512;513;61;-
chrM;513;514;39;-
chrM;514;515;8;-
chrM;515;516;6;-
chrM;516;517;2;-
chrM;519;520;1;-
chrM;520;521;1;-
chrM;521;522;7;-
chrM;522;523;4;-
chrM;524;525;1;-
chrM;525;526;2;-
chrM;528;529;1;-
chrM;534;535;1;-
chrM;538;539;5;-
chrM;539;540;6;-
chrM;540;541;1;-
chrM;541;542;1;-
chrM;543;544;1;-
chrM;544;545;2;-
chrM;545;546;2;-
chrM;547;548;1;-
chrM;548;549;2;-
chrM;552;553;26;-
chrM;553;554;15;-
chrM;554;555;13;-
chrM;555;556;8;-
chrM;556;557;4;-
chrM;557;558;1;-
chrM;559;560;8;-
chrM;560;561;2;-
chrM;561;562;2;-
chrM;562;563;15;-
chrM;563;564;2;-
chrM;564;565;1;-
chrM;565;566;28;-
chrM;566;567;15;-
chrM;567;568;9;-
chrM;568;569;9;-
chrM;569;570;3;-
chrM;570;571;1;-
chrM;571;572;8;-
chrM;572;573;15;-
chrM;573;574;5;-
chrM;575;576;1;-
chrM;576;577;1;-
chrM;577;578;1;-
chrM;578;579;1;-
chrM;579;580;2;-
chrM;582;583;7;-
chrM;583;584;2;-
chrM;585;586;1;-
chrM;586;587;2;-
chrM;587;588;2;-
chrM;588;589;3;-
chrM;589;590;3;-
chrM;590;591;1;-
chrM;591;592;41;-
chrM;592;593;96;-
chrM;593;594;64;-
chrM;594;595;49;-
chrM;595;596;16;-
chrM;596;597;1;-
chrM;597;598;1;-
chrM;598;599;5;-
chrM;599;600;2;-
chrM;600;601;1;-
chrM;603;604;3;-
chrM;604;605;1;-
chrM;605;606;1;-
chrM;606;607;1;-
chrM;612;613;2;-
chrM;618;619;8;-
chrM;619;620;4;-
chrM;620;621;6;-
chrM;621;622;2;-
chrM;622;623;4;-
chrM;623;624;11;-
chrM;625;626;1;-
chrM;626;627;3;-
chrM;631;632;1;-
chrM;632;633;2;-
chrM;633;634;10;-
chrM;634;635;13;-
chrM;635;636;1;-
chrM;637;638;1;-
chrM;639;640;2;-
chrM;640;641;4;-
chrM;641;642;35;-
chrM;642;643;57;-
chrM;643;644;64;-
chrM;644;645;66;-
chrM;645;646;9;-
chrM;646;647;5;-
chrM;647;648;6;-
chrM;648;649;3;-
chrM;649;650;27;-
chrM;650;651;10;-
chrM;651;652;4;-
chrM;652;653;3;-
chrM;653;654;12;-
chrM;654;655;12;-
chrM;655;656;9;-
chrM;656;657;6;-
chrM;657;658;1;-
chrM;658;659;3;-
chrM;659;660;2;-
chrM;660;661;2;-
chrM;661;662;3;-
chrM;663;664;18;-
chrM;664;665;118;-
chrM;665;666;14;-
chrM;670;671;1;-
chrM;673;674;4;-
chrM;674;675;8;-
chrM;675;676;1;-
chrM;676;677;2;-
chrM;683;684;41;-
chrM;684;685;40;-
chrM;685;686;8;-
chrM;686;687;5;-
chrM;689;690;5;-
chrM;691;692;3;-
chrM;692;693;45;-
chrM;693;694;43;-
chrM;694;695;22;-
chrM;695;696;5;-
chrM;698;699;4;-
chrM;699;700;7;-
chrM;700;701;66;-
chrM;701;702;10;-
chrM;702;703;1;-
chrM;707;708;9;-
chrM;708;709;10;-
chrM;709;710;1;-
chrM;714;715;1;-
chrM;715;716;1;-
chrM;716;717;4;-
chrM;717;718;2;-
chrM;719;720;3;-
chrM;720;721;14;-
chrM;721;722;19;-
chrM;722;723;1;-
chrM;725;726;1;-
chrM;729;730;1;-
chrM;730;731;1;-
chrM;731;732;7;-
chrM;732;733;2;-
chrM;734;735;2;-
chrM;735;736;2;-
chrM;736;737;5;-
chrM;740;741;1;-
chrM;741;742;1;-
chrM;742;743;4;-
chrM;743;744;13;-
chrM;744;745;6;-
chrM;746;747;2;-
chrM;747;748;16;-
chrM;748;749;6;-
chrM;749;750;2;-
chrM;751;752;1;-
chrM;752;753;5;-
chrM;754;755;1;-
chrM;755;756;1;-
chrM;756;757;7;-
chrM;757;758;5;-
chrM;758;759;6;-
chrM;759;760;22;-
chrM;760;761;18;-
chrM;761;762;3;-
chrM;762;763;8;-
chrM;763;764;1;-
chrM;764;765;3;-
chrM;765;766;2;-
chrM;766;767;8;-
chrM;767;768;1;-
chrM;769;770;2;-
chrM;770;771;14;-
chrM;771;772;28;-
chrM;772;773;6;-
chrM;773;774;3;-
chrM;774;775;2;-
chrM;775;776;4;-
chrM;777;778;2;-
chrM;779;780;1;-
chrM;780;781;15;-
chrM;781;782;51;-
chrM;782;783;21;-
chrM;783;784;4;-
chrM;784;785;5;-
chrM;786;787;4;-
chrM;792;793;3;-
chrM;793;794;10;-
chrM;794;795;1;-
chrM;814;815;2;-
chrM;815;816;9;-
chrM;816;817;37;-
chrM;817;818;16;-
chrM;818;819;3;-
chrM;821;822;2;-
chrM;822;823;5;-
chrM;829;830;1;-
chrM;830;831;1;-
chrM;831;832;1;-
chrM;832;833;2;-
chrM;833;834;2;-
chrM;834;835;3;-
chrM;835;836;1;-
chrM;837;838;3;-
chrM;838;839;4;-
chrM;839;840;6;-
chrM;840;841;4;-
chrM;841;842;2;-
chrM;842;843;2;-
chrM;843;844;1;-
chrM;847;848;1;-
chrM;848;849;7;-
chrM;849;850;1;-
chrM;851;852;6;-
chrM;859;860;3;-
chrM;860;861;3;-
chrM;866;867;3;-
chrM;868;869;1;-
chrM;869;870;5;-
chrM;870;871;4;-
chrM;871;872;4;-
chrM;872;873;2;-
chrM;877;878;1;-
chrM;878;879;2;-
chrM;882;883;2;-
chrM;883;884;6;-
chrM;884;885;10;-
chrM;885;886;4;-
chrM;887;888;1;-
chrM;888;889;1;-
chrM;889;890;1;-
chrM;890;891;2;-
chrM;891;892;4;-
chrM;892;893;3;-
chrM;893;894;1;-
chrM;894;895;1;-
chrM;895;896;24;-
chrM;896;897;35;-
chrM;897;898;38;-
chrM;898;899;12;-
chrM;899;900;21;-
chrM;900;901;9;-
chrM;901;902;26;-
chrM;902;903;11;-
chrM;903;904;11;-
chrM;904;905;36;-
chrM;905;906;77;-
chrM;906;907;74;-
chrM;907;908;38;-
chrM;908;909;29;-
chrM;909;910;24;-
chrM;910;911;14;-
chrM;911;912;1;-
chrM;912;913;15;-
chrM;913;914;16;-
chrM;914;915;9;-
chrM;915;916;36;-
chrM;916;917;5;-
chrM;917;918;2;-
chrM;918;919;33;-
chrM;919;920;12;-
chrM;920;921;2;-
chrM;921;922;6;-
chrM;925;926;1;-
chrM;932;933;2;-
chrM;933;934;2;-
chrM;938;939;2;-
chrM;940;941;3;-
chrM;941;942;3;-
chrM;943;944;1;-
chrM;944;945;1;-
chrM;945;946;1;-
chrM;947;948;1;-
chrM;958;959;1;-
chrM;971;972;4;-
chrM;972;973;1;-
chrM;974;975;2;-
chrM;978;979;1;-
chrM;980;981;1;-
chrM;981;982;1;-
chrM;982;983;13;-
chrM;983;984;4;-
chrM;986;987;2;-
chrM;989;990;5;-
chrM;990;991;1;-
chrM;991;992;2;-
chrM;993;994;1;-
chrM;995;996;2;-
chrM;996;997;2;-
chrM;999;1000;8;-
chrM;1000;1001;2;-
chrM;1001;1002;6;-
chrM;1002;1003;7;-
chrM;1003;1004;3;-
chrM;1004;1005;1;-
chrM;1005;1006;1;-
chrM;1007;1008;1;-
chrM;1008;1009;2;-
chrM;1009;1010;2;-
chrM;1010;1011;3;-
chrM;1011;1012;9;-
chrM;1012;1013;3;-
chrM;1013;1014;3;-
chrM;1014;1015;12;-
chrM;1015;1016;16;-
chrM;1022;1023;1;-
chrM;1026;1027;4;-
chrM;1027;1028;4;-
chrM;1028;1029;1;-
chrM;1029;1030;4;-
chrM;1031;1032;4;-
chrM;1032;1033;1;-
chrM;1036;1037;2;-
chrM;1047;1048;1;-
chrM;1048;1049;2;-
chrM;1049;1050;2;-
chrM;1050;1051;8;-
chrM;1051;1052;12;-
chrM;1052;1053;4;-
chrM;1053;1054;3;-
chrM;1056;1057;5;-
chrM;1057;1058;4;-
chrM;1058;1059;2;-
chrM;1059;1060;1;-
chrM;1060;1061;3;-
chrM;1061;1062;10;-
chrM;1062;1063;3;-
chrM;1063;1064;4;-
chrM;1064;1065;1;-
chrM;1070;1071;3;-
chrM;1071;1072;7;-
chrM;1072;1073;6;-
chrM;1073;1074;1;-
chrM;1074;1075;5;-
chrM;1075;1076;2;-
chrM;1076;1077;1;-
chrM;1077;1078;2;-
chrM;1079;1080;2;-
chrM;1082;1083;1;-
chrM;1083;1084;2;-
chrM;1084;1085;1;-
chrM;1085;1086;2;-
chrM;1086;1087;1;-
chrM;1087;1088;3;-
chrM;1088;1089;1;-
chrM;1089;1090;2;-
chrM;1090;1091;2;-
chrM;1091;1092;1;-
chrM;1092;1093;2;-
chrM;1095;1096;1;-
chrM;1097;1098;2;-
chrM;1098;1099;7;-
chrM;1099;1100;1;-
chrM;1101;1102;9;-
chrM;1102;1103;11;-
chrM;1103;1104;2;-
chrM;1104;1105;8;-
chrM;1105;1106;4;-
chrM;1106;1107;1;-
chrM;1107;1108;8;-
chrM;1108;1109;4;-
chrM;1109;1110;2;-
chrM;1110;1111;2;-
chrM;1111;1112;3;-
chrM;1112;1113;1;-
chrM;1113;1114;2;-
chrM;1114;1115;5;-
chrM;1115;1116;4;-
chrM;1116;1117;1;-
chrM;1129;1130;2;-
chrM;1131;1132;1;-
chrM;1133;1134;1;-
chrM;1134;1135;1;-
chrM;1147;1148;3;-
chrM;1148;1149;2;-
chrM;1149;1150;5;-
chrM;1154;1155;2;-
chrM;1155;1156;21;-
chrM;1156;1157;2;-
chrM;1157;1158;1;-
chrM;1158;1159;25;-
chrM;1159;1160;3;-
chrM;1161;1162;4;-
chrM;1164;1165;3;-
chrM;1165;1166;1;-
chrM;1167;1168;1;-
chrM;1168;1169;1;-
chrM;1172;1173;13;-
chrM;1173;1174;1;-
chrM;1175;1176;1;-
chrM;1177;1178;2;-
chrM;1179;1180;1;-
chrM;1180;1181;1;-
chrM;1182;1183;13;-
chrM;1183;1184;48;-
chrM;1184;1185;12;-
chrM;1185;1186;2;-
chrM;1186;1187;9;-
chrM;1187;1188;9;-
chrM;1188;1189;3;-
chrM;1189;1190;5;-
chrM;1190;1191;5;-
chrM;1191;1192;4;-
chrM;1192;1193;40;-
chrM;1193;1194;7;-
chrM;1194;1195;11;-
chrM;1195;1196;15;-
chrM;1196;1197;10;-
chrM;1197;1198;1;-
chrM;1200;1201;1;-
chrM;1201;1202;12;-
chrM;1202;1203;3;-
chrM;1203;1204;2;-
chrM;1204;1205;5;-
chrM;1205;1206;3;-
chrM;1206;1207;3;-
chrM;1207;1208;29;-
chrM;1208;1209;10;-
chrM;1209;1210;2;-
chrM;1210;1211;16;-
chrM;1211;1212;24;-
chrM;1212;1213;43;-
chrM;1213;1214;36;-
chrM;1214;1215;5;-
chrM;1215;1216;4;-
chrM;1216;1217;26;-
chrM;1217;1218;21;-
chrM;1218;1219;9;-
chrM;1219;1220;7;-
chrM;1221;1222;2;-
chrM;1222;1223;5;-
chrM;1223;1224;6;-
chrM;1225;1226;4;-
chrM;1226;1227;6;-
chrM;1227;1228;2;-
chrM;1228;1229;1;-
chrM;1229;1230;5;-
chrM;1230;1231;2;-
chrM;1231;1232;4;-
chrM;1232;1233;1;-
chrM;1234;1235;1;-
chrM;1235;1236;1;-
chrM;1238;1239;2;-
chrM;1240;1241;1;-
chrM;1241;1242;8;-
chrM;1242;1243;1;-
chrM;1245;1246;10;-
chrM;1246;1247;2;-
chrM;1248;1249;8;-
chrM;1249;1250;6;-
chrM;1250;1251;13;-
chrM;1251;1252;28;-
chrM;1252;1253;15;-
chrM;1253;1254;4;-
chrM;1254;1255;1;-
chrM;1255;1256;2;-
chrM;1256;1257;2;-
chrM;1257;1258;1;-
chrM;1261;1262;1;-
chrM;1262;1263;1;-
chrM;1263;1264;3;-
chrM;1264;1265;6;-
chrM;1265;1266;7;-
chrM;1266;1267;2;-
chrM;1267;1268;12;-
chrM;1268;1269;10;-
chrM;1269;1270;1;-
chrM;1270;1271;9;-
chrM;1271;1272;8;-
chrM;1272;1273;4;-
chrM;1275;1276;4;-
chrM;1290;1291;7;-
chrM;1291;1292;1;-
chrM;1292;1293;1;-
chrM;1294;1295;5;-
chrM;1295;1296;1;-
chrM;1300;1301;1;-
chrM;1301;1302;15;-
chrM;1302;1303;13;-
chrM;1303;1304;1;-
chrM;1304;1305;3;-
chrM;1305;1306;7;-
chrM;1306;1307;2;-
chrM;1310;1311;2;-
chrM;1311;1312;2;-
chrM;1312;1313;2;-
chrM;1313;1314;1;-
chrM;1317;1318;12;-
chrM;1318;1319;16;-
chrM;1319;1320;13;-
chrM;1320;1321;14;-
chrM;1321;1322;3;-
chrM;1322;1323;1;-
chrM;1323;1324;23;-
chrM;1324;1325;7;-
chrM;1327;1328;4;-
chrM;1328;1329;7;-
chrM;1329;1330;35;-
chrM;1330;1331;34;-
chrM;1331;1332;19;-
chrM;1332;1333;10;-
chrM;1334;1335;2;-
chrM;1335;1336;3;-
chrM;1336;1337;8;-
chrM;1337;1338;2;-
chrM;1338;1339;5;-
chrM;1339;1340;2;-
chrM;1340;1341;2;-
chrM;1341;1342;3;-
chrM;1342;1343;7;-
chrM;1343;1344;8;-
chrM;1344;1345;7;-
chrM;1345;1346;2;-
chrM;1346;1347;1;-
chrM;1347;1348;25;-
chrM;1348;1349;19;-
chrM;1349;1350;7;-
chrM;1350;1351;1;-
chrM;1351;1352;6;-
chrM;1352;1353;1;-
chrM;1354;1355;1;-
chrM;1355;1356;1;-
chrM;1356;1357;2;-
chrM;1357;1358;2;-
chrM;1363;1364;5;-
chrM;1364;1365;2;-
chrM;1365;1366;4;-
chrM;1366;1367;2;-
chrM;1367;1368;1;-
chrM;1368;1369;2;-
chrM;1369;1370;3;-
chrM;1370;1371;2;-
chrM;1371;1372;6;-
chrM;1372;1373;1;-
chrM;1373;1374;14;-
chrM;1374;1375;47;-
chrM;1375;1376;15;-
chrM;1376;1377;2;-
chrM;1382;1383;10;-
chrM;1383;1384;35;-
chrM;1384;1385;13;-
chrM;1385;1386;6;-
chrM;1386;1387;1;-
chrM;1389;1390;1;-
chrM;1390;1391;1;-
chrM;1391;1392;7;-
chrM;1392;1393;6;-
chrM;1393;1394;1;-
chrM;1394;1395;7;-
chrM;1395;1396;7;-
chrM;1396;1397;3;-
chrM;1398;1399;1;-
chrM;1399;1400;1;-
chrM;1401;1402;1;-
chrM;1405;1406;5;-
chrM;1406;1407;79;-
chrM;1407;1408;26;-
chrM;1408;1409;10;-
chrM;1411;1412;3;-
chrM;1412;1413;5;-
chrM;1413;1414;7;-
chrM;1414;1415;2;-
chrM;1415;1416;2;-
chrM;1416;1417;4;-
chrM;1417;1418;1;-
chrM;1419;1420;2;-
chrM;1420;1421;3;-
chrM;1421;1422;1;-
chrM;1422;1423;4;-
chrM;1423;1424;3;-
chrM;1425;1426;2;-
chrM;1426;1427;5;-
chrM;1427;1428;4;-
chrM;1428;1429;7;-
chrM;1429;1430;11;-
chrM;1430;1431;13;-
chrM;1431;1432;1;-
chrM;1432;1433;2;-
chrM;1433;1434;10;-
chrM;1434;1435;37;-
chrM;1435;1436;11;-
chrM;1436;1437;1;-
chrM;1437;1438;10;-
chrM;1438;1439;1;-
chrM;1440;1441;4;-
chrM;1441;1442;6;-
chrM;1442;1443;2;-
chrM;1443;1444;6;-
chrM;1444;1445;10;-
chrM;1445;1446;1;-
chrM;1447;1448;1;-
chrM;1448;1449;3;-
chrM;1449;1450;6;-
chrM;1450;1451;8;-
chrM;1452;1453;2;-
chrM;1458;1459;1;-
chrM;1465;1466;1;-
chrM;1466;1467;2;-
chrM;1467;1468;2;-
chrM;1470;1471;2;-
chrM;1471;1472;1;-
chrM;1473;1474;1;-
chrM;1490;1491;1;-
chrM;1492;1493;1;-
chrM;1493;1494;2;-
chrM;1494;1495;1;-
chrM;1495;1496;6;-
chrM;1496;1497;4;-
chrM;1498;1499;1;-
chrM;1502;1503;6;-
chrM;1503;1504;3;-
chrM;1506;1507;2;-
chrM;1507;1508;3;-
chrM;1510;1511;4;-
chrM;1511;1512;2;-
chrM;1515;1516;3;-
chrM;1516;1517;10;-
chrM;1517;1518;9;-
chrM;1518;1519;2;-
chrM;1523;1524;6;-
chrM;1524;1525;8;-
chrM;1525;1526;11;-
chrM;1526;1527;12;-
chrM;1527;1528;4;-
chrM;1530;1531;2;-
chrM;1531;1532;8;-
chrM;1532;1533;6;-
chrM;1533;1534;7;-
chrM;1534;1535;1;-
chrM;1536;1537;2;-
chrM;1537;1538;3;-
chrM;1538;1539;9;-
chrM;1539;1540;8;-
chrM;1540;1541;2;-
chrM;1541;1542;1;-
chrM;1542;1543;1;-
chrM;1544;1545;3;-
chrM;1545;1546;16;-
chrM;1546;1547;51;-
chrM;1547;1548;43;-
chrM;1548;1549;6;-
chrM;1549;1550;1;-
chrM;1550;1551;3;-
chrM;1551;1552;9;-
chrM;1552;1553;4;-
chrM;1553;1554;7;-
chrM;1559;1560;2;-
chrM;1560;1561;2;-
chrM;1561;1562;5;-
chrM;1562;1563;1;-
chrM;1564;1565;1;-
chrM;1565;1566;5;-
chrM;1566;1567;1;-
chrM;1568;1569;9;-
chrM;1569;1570;4;-
chrM;1570;1571;1;-
chrM;1571;1572;6;-
chrM;1572;1573;1;-
chrM;1584;1585;1;-
chrM;1586;1587;11;-
chrM;1587;1588;23;-
chrM;1588;1589;16;-
chrM;1589;1590;1;-
chrM;1592;1593;1;-
chrM;1594;1595;9;-
chrM;1595;1596;16;-
chrM;1596;1597;3;-
chrM;1597;1598;7;-
chrM;1598;1599;6;-
chrM;1600;1601;1;-
chrM;1601;1602;2;-
chrM;1602;1603;3;-
chrM;1603;1604;29;-
chrM;1604;1605;18;-
chrM;1605;1606;8;-
chrM;1606;1607;4;-
chrM;1607;1608;4;-
chrM;1612;1613;6;-
chrM;1613;1614;3;-
chrM;1614;1615;10;-
chrM;1615;1616;23;-
chrM;1616;1617;24;-
chrM;1617;1618;14;-
chrM;1618;1619;12;-
chrM;1619;1620;18;-
chrM;1620;1621;8;-
chrM;1621;1622;8;-
chrM;1622;1623;2;-
chrM;1624;1625;1;-
chrM;1625;1626;2;-
chrM;1626;1627;1;-
chrM;1628;1629;2;-
chrM;1631;1632;2;-
chrM;1632;1633;5;-
chrM;1633;1634;9;-
chrM;1634;1635;5;-
chrM;1635;1636;3;-
chrM;1637;1638;2;-
chrM;1638;1639;1;-
chrM;1639;1640;5;-
chrM;1640;1641;8;-
chrM;1642;1643;4;-
chrM;1643;1644;5;-
chrM;1644;1645;1;-
chrM;1645;1646;2;-
chrM;1646;1647;4;-
chrM;1647;1648;1;-
chrM;1649;1650;2;-
chrM;1655;1656;3;-
chrM;1656;1657;12;-
chrM;1657;1658;3;-
chrM;1662;1663;1;-
chrM;1664;1665;1;-
chrM;1680;1681;1;-
chrM;1681;1682;1;-
chrM;1683;1684;5;-
chrM;1684;1685;75;-
chrM;1685;1686;8;-
chrM;1686;1687;1;-
chrM;1687;1688;1;-
chrM;1688;1689;1;-
chrM;1689;1690;2;-
chrM;1690;1691;1;-
chrM;1693;1694;1;-
chrM;1694;1695;1;-
chrM;1696;1697;1;-
chrM;1697;1698;4;-
chrM;1698;1699;19;-
chrM;1699;1700;46;-
chrM;1700;1701;5;-
chrM;1701;1702;2;-
chrM;1705;1706;2;-
chrM;1706;1707;4;-
chrM;1707;1708;5;-
chrM;1708;1709;1;-
chrM;1713;1714;1;-
chrM;1714;1715;3;-
chrM;1727;1728;8;-
chrM;1728;1729;35;-
chrM;1729;1730;21;-
chrM;1730;1731;28;-
chrM;1731;1732;22;-
chrM;1735;1736;3;-
chrM;1736;1737;1;-
chrM;1738;1739;4;-
chrM;1739;1740;13;-
chrM;1740;1741;16;-
chrM;1741;1742;10;-
chrM;1743;1744;2;-
chrM;1744;1745;10;-
chrM;1745;1746;3;-
chrM;1746;1747;1;-
chrM;1747;1748;5;-
chrM;1748;1749;1;-
chrM;1749;1750;1;-
chrM;1752;1753;4;-
chrM;1753;1754;40;-
chrM;1754;1755;7;-
chrM;1755;1756;1;-
chrM;1756;1757;1;-
chrM;1758;1759;5;-
chrM;1759;1760;20;-
chrM;1760;1761;6;-
chrM;1761;1762;83;-
chrM;1762;1763;115;-
chrM;1763;1764;185;-
chrM;1764;1765;63;-
chrM;1765;1766;16;-
chrM;1766;1767;6;-
chrM;1767;1768;1;-
chrM;1768;1769;2;-
chrM;1769;1770;29;-
chrM;1770;1771;59;-
chrM;1771;1772;143;-
chrM;1772;1773;74;-
chrM;1773;1774;18;-
chrM;1775;1776;2;-
chrM;1777;1778;3;-
chrM;1778;1779;11;-
chrM;1779;1780;8;-
chrM;1780;1781;6;-
chrM;1781;1782;14;-
chrM;1782;1783;3;-
chrM;1783;1784;29;-
chrM;1784;1785;152;-
chrM;1785;1786;43;-
chrM;1786;1787;27;-
chrM;1789;1790;4;-
chrM;1790;1791;16;-
chrM;1791;1792;23;-
chrM;1792;1793;11;-
chrM;1793;1794;2;-
chrM;1794;1795;1;-
chrM;1795;1796;29;-
chrM;1796;1797;30;-
chrM;1797;1798;3;-
chrM;1798;1799;4;-
chrM;1799;1800;32;-
chrM;1800;1801;9;-
chrM;1801;1802;1;-
chrM;1804;1805;1;-
chrM;1805;1806;5;-
chrM;1809;1810;7;-
chrM;1810;1811;8;-
chrM;1811;1812;1;-
chrM;1816;1817;13;-
chrM;1817;1818;11;-
chrM;1818;1819;7;-
chrM;1821;1822;2;-
chrM;1822;1823;3;-
chrM;1823;1824;3;-
chrM;1824;1825;9;-
chrM;1825;1826;14;-
chrM;1826;1827;14;-
chrM;1827;1828;20;-
chrM;1828;1829;4;-
chrM;1829;1830;1;-
chrM;1833;1834;2;-
chrM;1834;1835;1;-
chrM;1836;1837;6;-
chrM;1838;1839;3;-
chrM;1839;1840;33;-
chrM;1840;1841;28;-
chrM;1841;1842;22;-
chrM;1842;1843;17;-
chrM;1843;1844;5;-
chrM;1845;1846;4;-
chrM;1846;1847;1;-
chrM;1847;1848;6;-
chrM;1848;1849;6;-
chrM;1849;1850;1;-
chrM;1852;1853;10;-
chrM;1853;1854;5;-
chrM;1854;1855;5;-
chrM;1855;1856;13;-
chrM;1856;1857;6;-
chrM;1857;1858;2;-
chrM;1865;1866;13;-
chrM;1866;1867;7;-
chrM;1867;1868;9;-
chrM;1868;1869;38;-
chrM;1869;1870;93;-
chrM;1870;1871;52;-
chrM;1871;1872;8;-
chrM;1872;1873;2;-
chrM;1873;1874;1;-
chrM;1874;1875;11;-
chrM;1875;1876;23;-
chrM;1876;1877;17;-
chrM;1877;1878;6;-
chrM;1878;1879;1;-
chrM;1879;1880;2;-
chrM;1880;1881;3;-
chrM;1881;1882;10;-
chrM;1882;1883;3;-
chrM;1883;1884;6;-
chrM;1885;1886;1;-
chrM;1886;1887;4;-
chrM;1887;1888;4;-
chrM;1889;1890;3;-
chrM;1890;1891;12;-
chrM;1891;1892;6;-
chrM;1892;1893;1;-
chrM;1895;1896;1;-
chrM;1896;1897;3;-
chrM;1897;1898;3;-
chrM;1900;1901;2;-
chrM;1902;1903;2;-
chrM;1903;1904;6;-
chrM;1904;1905;1;-
chrM;1910;1911;22;-
chrM;1911;1912;12;-
chrM;1912;1913;8;-
chrM;1914;1915;1;-
chrM;1915;1916;1;-
chrM;1916;1917;2;-
chrM;1917;1918;1;-
chrM;1918;1919;3;-
chrM;1919;1920;3;-
chrM;1923;1924;1;-
chrM;1924;1925;19;-
chrM;1925;1926;54;-
chrM;1926;1927;69;-
chrM;1927;1928;32;-
chrM;1928;1929;18;-
chrM;1929;1930;2;-
chrM;1930;1931;10;-
chrM;1931;1932;4;-
chrM;1932;1933;1;-
chrM;1934;1935;2;-
chrM;1935;1936;23;-
chrM;1936;1937;8;-
chrM;1937;1938;1;-
chrM;1943;1944;4;-
chrM;1944;1945;1;-
chrM;1946;1947;6;-
chrM;1947;1948;4;-
chrM;1948;1949;14;-
chrM;1949;1950;2;-
chrM;1950;1951;3;-
chrM;1951;1952;7;-
chrM;1952;1953;2;-
chrM;1953;1954;7;-
chrM;1954;1955;4;-
chrM;1955;1956;2;-
chrM;1959;1960;1;-
chrM;1968;1969;3;-
chrM;1969;1970;4;-
chrM;1970;1971;1;-
chrM;1971;1972;3;-
chrM;1972;1973;1;-
chrM;1973;1974;1;-
chrM;1974;1975;3;-
chrM;1975;1976;3;-
chrM;1976;1977;8;-
chrM;1977;1978;29;-
chrM;1978;1979;9;-
chrM;1979;1980;6;-
chrM;1980;1981;7;-
chrM;1981;1982;10;-
chrM;1982;1983;8;-
chrM;1983;1984;5;-
chrM;1984;1985;1;-
chrM;1985;1986;2;-
chrM;1986;1987;1;-
chrM;1987;1988;1;-
chrM;1988;1989;1;-
chrM;1989;1990;2;-
chrM;1994;1995;1;-
chrM;1999;2000;3;-
chrM;2000;2001;9;-
chrM;2001;2002;30;-
chrM;2002;2003;37;-
chrM;2003;2004;25;-
chrM;2004;2005;12;-
chrM;2005;2006;10;-
chrM;2006;2007;14;-
chrM;2007;2008;15;-
chrM;2008;2009;10;-
chrM;2009;2010;1;-
chrM;2011;2012;1;-
chrM;2013;2014;4;-
chrM;2014;2015;7;-
chrM;2015;2016;2;-
chrM;2016;2017;8;-
chrM;2017;2018;3;-
chrM;2018;2019;4;-
chrM;2019;2020;10;-
chrM;2020;2021;13;-
chrM;2021;2022;4;-
chrM;2022;2023;5;-
chrM;2023;2024;2;-
chrM;2028;2029;2;-
chrM;2029;2030;1;-
chrM;2030;2031;4;-
chrM;2031;2032;2;-
chrM;2032;2033;1;-
chrM;2037;2038;2;-
chrM;2038;2039;5;-
chrM;2039;2040;4;-
chrM;2040;2041;3;-
chrM;2043;2044;7;-
chrM;2045;2046;1;-
chrM;2046;2047;13;-
chrM;2047;2048;4;-
chrM;2063;2064;1;-
chrM;2065;2066;1;-
chrM;2066;2067;2;-
chrM;2067;2068;1;-
chrM;2068;2069;2;-
chrM;2069;2070;12;-
chrM;2070;2071;16;-
chrM;2071;2072;3;-
chrM;2072;2073;2;-
chrM;2075;2076;1;-
chrM;2076;2077;1;-
chrM;2077;2078;2;-
chrM;2078;2079;13;-
chrM;2079;2080;13;-
chrM;2080;2081;5;-
chrM;2081;2082;2;-
chrM;2082;2083;3;-
chrM;2084;2085;7;-
chrM;2085;2086;2;-
chrM;2086;2087;1;-
chrM;2087;2088;4;-
chrM;2088;2089;3;-
chrM;2089;2090;9;-
chrM;2090;2091;3;-
chrM;2091;2092;1;-
chrM;2092;2093;2;-
chrM;2093;2094;3;-
chrM;2094;2095;3;-
chrM;2097;2098;3;-
chrM;2098;2099;1;-
chrM;2100;2101;1;-
chrM;2120;2121;1;-
chrM;2121;2122;1;-
chrM;2122;2123;1;-
chrM;2123;2124;19;-
chrM;2124;2125;11;-
chrM;2125;2126;3;-
chrM;2126;2127;1;-
chrM;2131;2132;1;-
chrM;2133;2134;2;-
chrM;2134;2135;1;-
chrM;2135;2136;1;-
chrM;2136;2137;2;-
chrM;2143;2144;2;-
chrM;2146;2147;1;-
chrM;2149;2150;1;-
chrM;2150;2151;2;-
chrM;2151;2152;3;-
chrM;2152;2153;2;-
chrM;2153;2154;3;-
chrM;2154;2155;14;-
chrM;2155;2156;2;-
chrM;2156;2157;2;-
chrM;2157;2158;1;-
chrM;2158;2159;3;-
chrM;2159;2160;1;-
chrM;2160;2161;3;-
chrM;2161;2162;2;-
chrM;2162;2163;5;-
chrM;2163;2164;1;-
chrM;2167;2168;4;-
chrM;2168;2169;1;-
chrM;2170;2171;1;-
chrM;2179;2180;1;-
chrM;2181;2182;1;-
chrM;2186;2187;1;-
chrM;2216;2217;10;-
chrM;2217;2218;1;-
chrM;2218;2219;3;-
chrM;2221;2222;1;-
chrM;2222;2223;1;-
chrM;2223;2224;3;-
chrM;2224;2225;1;-
chrM;2225;2226;3;-
chrM;2226;2227;2;-
chrM;2227;2228;12;-
chrM;2228;2229;2;-
chrM;2231;2232;1;-
chrM;2233;2234;1;-
chrM;2236;2237;1;-
chrM;2237;2238;1;-
chrM;2238;2239;6;-
chrM;2239;2240;1;-
chrM;2257;2258;3;-
chrM;2258;2259;5;-
chrM;2259;2260;45;-
chrM;2260;2261;132;-
chrM;2261;2262;25;-
chrM;2262;2263;25;-
chrM;2263;2264;4;-
chrM;2264;2265;3;-
chrM;2275;2276;11;-
chrM;2276;2277;5;-
chrM;2277;2278;2;-
chrM;2278;2279;70;-
chrM;2279;2280;35;-
chrM;2280;2281;5;-
chrM;2283;2284;1;-
chrM;2284;2285;9;-
chrM;2290;2291;1;-
chrM;2291;2292;3;-
chrM;2292;2293;9;-
chrM;2293;2294;1;-
chrM;2294;2295;4;-
chrM;2295;2296;44;-
chrM;2296;2297;20;-
chrM;2297;2298;5;-
chrM;2298;2299;1;-
chrM;2300;2301;2;-
chrM;2301;2302;35;-
chrM;2302;2303;3;-
chrM;2303;2304;4;-
chrM;2304;2305;5;-
chrM;2305;2306;5;-
chrM;2306;2307;2;-
chrM;2307;2308;2;-
chrM;2309;2310;1;-
chrM;2310;2311;1;-
chrM;2317;2318;1;-
chrM;2319;2320;2;-
chrM;2320;2321;4;-
chrM;2321;2322;2;-
chrM;2322;2323;4;-
chrM;2323;2324;1;-
chrM;2325;2326;2;-
chrM;2326;2327;1;-
chrM;2329;2330;2;-
chrM;2330;2331;1;-
chrM;2331;2332;1;-
chrM;2333;2334;8;-
chrM;2334;2335;6;-
chrM;2335;2336;6;-
chrM;2336;2337;15;-
chrM;2337;2338;5;-
chrM;2338;2339;8;-
chrM;2340;2341;1;-
chrM;2344;2345;1;-
chrM;2353;2354;6;-
chrM;2354;2355;12;-
chrM;2355;2356;14;-
chrM;2356;2357;14;-
chrM;2357;2358;3;-
chrM;2358;2359;7;-
chrM;2359;2360;4;-
chrM;2361;2362;1;-
chrM;2362;2363;1;-
chrM;2364;2365;2;-
chrM;2365;2366;10;-
chrM;2366;2367;10;-
chrM;2367;2368;19;-
chrM;2368;2369;6;-
chrM;2369;2370;4;-
chrM;2370;2371;46;-
chrM;2371;2372;16;-
chrM;2372;2373;2;-
chrM;2373;2374;3;-
chrM;2377;2378;4;-
chrM;2378;2379;6;-
chrM;2379;2380;15;-
chrM;2380;2381;17;-
chrM;2381;2382;21;-
chrM;2382;2383;9;-
chrM;2383;2384;4;-
chrM;2387;2388;17;-
chrM;2388;2389;3;-
chrM;2389;2390;1;-
chrM;2390;2391;1;-
chrM;2394;2395;3;-
chrM;2395;2396;1;-
chrM;2397;2398;2;-
chrM;2398;2399;4;-
chrM;2401;2402;8;-
chrM;2414;2415;18;-
chrM;2415;2416;4;-
chrM;2416;2417;2;-
chrM;2417;2418;1;-
chrM;2418;2419;1;-
chrM;2421;2422;9;-
chrM;2422;2423;9;-
chrM;2423;2424;12;-
chrM;2424;2425;6;-
chrM;2426;2427;3;-
chrM;2427;2428;1;-
chrM;2428;2429;10;-
chrM;2429;2430;2;-
chrM;2431;2432;2;-
chrM;2432;2433;3;-
chrM;2433;2434;1;-
chrM;2434;2435;17;-
chrM;2435;2436;26;-
chrM;2436;2437;14;-
chrM;2439;2440;7;-
chrM;2440;2441;18;-
chrM;2441;2442;6;-
chrM;2442;2443;1;-
chrM;2443;2444;2;-
chrM;2444;2445;5;-
chrM;2445;2446;1;-
chrM;2446;2447;1;-
chrM;2447;2448;20;-
chrM;2448;2449;8;-
chrM;2449;2450;4;-
chrM;2450;2451;1;-
chrM;2451;2452;1;-
chrM;2452;2453;3;-
chrM;2453;2454;8;-
chrM;2454;2455;4;-
chrM;2455;2456;2;-
chrM;2456;2457;4;-
chrM;2457;2458;1;-
chrM;2458;2459;4;-
chrM;2461;2462;2;-
chrM;2462;2463;3;-
chrM;2469;2470;1;-
chrM;2470;2471;4;-
chrM;2471;2472;7;-
chrM;2474;2475;5;-
chrM;2476;2477;4;-
chrM;2498;2499;2;-
chrM;2499;2500;12;-
chrM;2500;2501;9;-
chrM;2501;2502;11;-
chrM;2502;2503;4;-
chrM;2503;2504;4;-
chrM;2504;2505;1;-
chrM;2506;2507;1;-
chrM;2507;2508;2;-
chrM;2508;2509;5;-
chrM;2509;2510;3;-
chrM;2510;2511;1;-
chrM;2512;2513;2;-
chrM;2513;2514;5;-
chrM;2514;2515;3;-
chrM;2515;2516;8;-
chrM;2516;2517;1;-
chrM;2517;2518;15;-
chrM;2518;2519;25;-
chrM;2519;2520;10;-
chrM;2520;2521;8;-
chrM;2521;2522;6;-
chrM;2522;2523;2;-
chrM;2524;2525;1;-
chrM;2525;2526;1;-
chrM;2527;2528;8;-
chrM;2528;2529;16;-
chrM;2529;2530;26;-
chrM;2530;2531;7;-
chrM;2531;2532;1;-
chrM;2533;2534;10;-
chrM;2534;2535;4;-
chrM;2539;2540;2;-
chrM;2541;2542;1;-
chrM;2542;2543;3;-
chrM;2543;2544;1;-
chrM;2568;2569;1;-
chrM;2569;2570;4;-
chrM;2570;2571;5;-
chrM;2571;2572;2;-
chrM;2572;2573;3;-
chrM;2576;2577;4;-
chrM;2578;2579;1;-
chrM;2582;2583;2;-
chrM;2583;2584;7;-
chrM;2584;2585;5;-
chrM;2585;2586;4;-
chrM;2586;2587;2;-
chrM;2588;2589;4;-
chrM;2589;2590;6;-
chrM;2590;2591;2;-
chrM;2591;2592;9;-
chrM;2593;2594;3;-
chrM;2594;2595;23;-
chrM;2595;2596;3;-
chrM;2601;2602;7;-
chrM;2602;2603;5;-
chrM;2603;2604;6;-
chrM;2604;2605;13;-
chrM;2605;2606;1;-
chrM;2606;2607;2;-
chrM;2610;2611;1;-
chrM;2611;2612;1;-
chrM;2621;2622;1;-
chrM;2630;2631;1;-
chrM;2646;2647;11;-
chrM;2647;2648;7;-
chrM;2648;2649;2;-
chrM;2650;2651;5;-
chrM;2651;2652;11;-
chrM;2652;2653;13;-
chrM;2653;2654;7;-
chrM;2654;2655;12;-
chrM;2655;2656;7;-
chrM;2656;2657;8;-
chrM;2657;2658;3;-
chrM;2659;2660;5;-
chrM;2660;2661;14;-
chrM;2661;2662;8;-
chrM;2662;2663;3;-
chrM;2663;2664;2;-
chrM;2664;2665;12;-
chrM;2665;2666;3;-
chrM;2666;2667;8;-
chrM;2667;2668;2;-
chrM;2670;2671;5;-
chrM;2671;2672;1;-
chrM;2674;2675;1;-
chrM;2675;2676;1;-
chrM;2676;2677;3;-
chrM;2677;2678;32;-
chrM;2678;2679;8;-
chrM;2679;2680;4;-
chrM;2680;2681;2;-
chrM;2681;2682;4;-
chrM;2682;2683;8;-
chrM;2683;2684;5;-
chrM;2684;2685;2;-
chrM;2685;2686;4;-
chrM;2686;2687;2;-
chrM;2687;2688;2;-
chrM;2688;2689;2;-
chrM;2690;2691;8;-
chrM;2691;2692;11;-
chrM;2692;2693;1;-
chrM;2697;2698;1;-
chrM;2698;2699;2;-
chrM;2699;2700;28;-
chrM;2700;2701;19;-
chrM;2701;2702;4;-
chrM;2702;2703;1;-
chrM;2704;2705;3;-
chrM;2705;2706;4;-
chrM;2706;2707;2;-
chrM;2707;2708;1;-
chrM;2709;2710;1;-
chrM;2710;2711;1;-
chrM;2712;2713;1;-
chrM;2713;2714;1;-
chrM;2714;2715;6;-
chrM;2715;2716;7;-
chrM;2717;2718;6;-
chrM;2718;2719;6;-
chrM;2719;2720;1;-
chrM;2721;2722;17;-
chrM;2722;2723;5;-
chrM;2723;2724;8;-
chrM;2724;2725;6;-
chrM;2725;2726;5;-
chrM;2726;2727;7;-
chrM;2727;2728;3;-
chrM;2730;2731;1;-
chrM;2731;2732;5;-
chrM;2733;2734;3;-
chrM;2734;2735;1;-
chrM;2736;2737;11;-
chrM;2737;2738;3;-
chrM;2738;2739;3;-
chrM;2739;2740;1;-
chrM;2740;2741;2;-
chrM;2741;2742;17;-
chrM;2742;2743;11;-
chrM;2745;2746;1;-
chrM;2748;2749;13;-
chrM;2749;2750;8;-
chrM;2750;2751;2;-
chrM;2751;2752;1;-
chrM;2753;2754;1;-
chrM;2777;2778;9;-
chrM;2778;2779;45;-
chrM;2779;2780;18;-
chrM;2780;2781;1;-
chrM;2781;2782;16;-
chrM;2782;2783;15;-
chrM;2783;2784;12;-
chrM;2784;2785;8;-
chrM;2787;2788;2;-
chrM;2790;2791;3;-
chrM;2792;2793;10;-
chrM;2793;2794;31;-
chrM;2794;2795;39;-
chrM;2795;2796;11;-
chrM;2796;2797;5;-
chrM;2797;2798;1;-
chrM;2798;2799;1;-
chrM;2799;2800;14;-
chrM;2800;2801;9;-
chrM;2801;2802;7;-
chrM;2802;2803;3;-
chrM;2803;2804;1;-
chrM;2805;2806;23;-
chrM;2806;2807;4;-
chrM;2808;2809;3;-
chrM;2809;2810;2;-
chrM;2813;2814;1;-
chrM;2814;2815;9;-
chrM;2815;2816;2;-
chrM;2816;2817;2;-
chrM;2817;2818;6;-
chrM;2818;2819;4;-
chrM;2819;2820;2;-
chrM;2820;2821;5;-
chrM;2821;2822;15;-
chrM;2822;2823;21;-
chrM;2823;2824;6;-
chrM;2828;2829;2;-
chrM;2829;2830;1;-
chrM;2831;2832;4;-
chrM;2832;2833;71;-
chrM;2833;2834;22;-
chrM;2834;2835;8;-
chrM;2835;2836;3;-
chrM;2837;2838;4;-
chrM;2838;2839;4;-
chrM;2841;2842;6;-
chrM;2842;2843;6;-
chrM;2843;2844;1;-
chrM;2844;2845;5;-
chrM;2845;2846;1;-
chrM;2846;2847;2;-
chrM;2847;2848;11;-
chrM;2848;2849;11;-
chrM;2849;2850;4;-
chrM;2850;2851;1;-
chrM;2851;2852;1;-
chrM;2852;2853;1;-
chrM;2853;2854;5;-
chrM;2854;2855;5;-
chrM;2855;2856;8;-
chrM;2856;2857;8;-
chrM;2857;2858;16;-
chrM;2858;2859;4;-
chrM;2859;2860;1;-
chrM;2860;2861;2;-
chrM;2862;2863;1;-
chrM;2863;2864;1;-
chrM;2865;2866;1;-
chrM;2866;2867;7;-
chrM;2867;2868;2;-
chrM;2868;2869;9;-
chrM;2869;2870;24;-
chrM;2870;2871;7;-
chrM;2872;2873;3;-
chrM;2873;2874;5;-
chrM;2874;2875;4;-
chrM;2876;2877;6;-
chrM;2877;2878;17;-
chrM;2878;2879;20;-
chrM;2879;2880;10;-
chrM;2880;2881;4;-
chrM;2881;2882;1;-
chrM;2888;2889;4;-
chrM;2889;2890;6;-
chrM;2891;2892;3;-
chrM;2895;2896;7;-
chrM;2896;2897;11;-
chrM;2897;2898;8;-
chrM;2898;2899;1;-
chrM;2899;2900;9;-
chrM;2900;2901;5;-
chrM;2901;2902;5;-
chrM;2902;2903;2;-
chrM;2903;2904;3;-
chrM;2904;2905;4;-
chrM;2905;2906;1;-
chrM;2913;2914;1;-
chrM;2915;2916;1;-
chrM;2922;2923;2;-
chrM;2925;2926;2;-
chrM;2926;2927;2;-
chrM;2927;2928;4;-
chrM;2928;2929;1;-
chrM;2930;2931;1;-
chrM;2931;2932;6;-
chrM;2932;2933;12;-
chrM;2933;2934;15;-
chrM;2934;2935;7;-
chrM;2935;2936;5;-
chrM;2936;2937;2;-
chrM;2940;2941;4;-
chrM;2941;2942;4;-
chrM;2942;2943;2;-
chrM;2943;2944;2;-
chrM;2944;2945;3;-
chrM;2945;2946;2;-
chrM;2946;2947;2;-
chrM;2948;2949;1;-
chrM;2953;2954;1;-
chrM;2954;2955;7;-
chrM;2955;2956;1;-
chrM;2956;2957;1;-
chrM;2960;2961;1;-
chrM;2982;2983;31;-
chrM;2983;2984;11;-
chrM;2984;2985;2;-
chrM;2985;2986;18;-
chrM;2986;2987;17;-
chrM;2987;2988;11;-
chrM;2988;2989;16;-
chrM;2989;2990;3;-
chrM;2990;2991;2;-
chrM;2991;2992;26;-
chrM;2992;2993;12;-
chrM;2993;2994;3;-
chrM;2997;2998;1;-
chrM;2998;2999;6;-
chrM;2999;3000;2;-
chrM;3000;3001;2;-
chrM;3001;3002;2;-
chrM;3003;3004;2;-
chrM;3004;3005;1;-
chrM;3005;3006;5;-
chrM;3006;3007;13;-
chrM;3007;3008;1;-
chrM;3011;3012;38;-
chrM;3012;3013;31;-
chrM;3013;3014;9;-
chrM;3014;3015;7;-
chrM;3016;3017;9;-
chrM;3017;3018;9;-
chrM;3018;3019;8;-
chrM;3019;3020;2;-
chrM;3020;3021;1;-
chrM;3021;3022;17;-
chrM;3022;3023;17;-
chrM;3023;3024;25;-
chrM;3024;3025;35;-
chrM;3025;3026;17;-
chrM;3026;3027;19;-
chrM;3027;3028;25;-
chrM;3028;3029;23;-
chrM;3029;3030;14;-
chrM;3030;3031;1;-
chrM;3033;3034;1;-
chrM;3037;3038;1;-
chrM;3042;3043;2;-
chrM;3043;3044;1;-
chrM;3044;3045;1;-
chrM;3045;3046;6;-
chrM;3046;3047;1;-
chrM;3047;3048;3;-
chrM;3081;3082;2;-
chrM;3083;3084;10;-
chrM;3084;3085;11;-
chrM;3085;3086;4;-
chrM;3087;3088;1;-
chrM;3088;3089;2;-
chrM;3089;3090;36;-
chrM;3090;3091;7;-
chrM;3091;3092;3;-
chrM;3094;3095;3;-
chrM;3096;3097;3;-
chrM;3108;3109;1;-
chrM;3109;3110;2;-
chrM;3110;3111;7;-
chrM;3111;3112;7;-
chrM;3112;3113;7;-
chrM;3113;3114;14;-
chrM;3114;3115;9;-
chrM;3115;3116;3;-
chrM;3116;3117;13;-
chrM;3117;3118;1;-
chrM;3118;3119;2;-
chrM;3119;3120;2;-
chrM;3120;3121;2;-
chrM;3121;3122;3;-
chrM;3122;3123;97;-
chrM;3123;3124;34;-
chrM;3124;3125;4;-
chrM;3125;3126;6;-
chrM;3128;3129;8;-
chrM;3129;3130;2;-
chrM;3131;3132;5;-
chrM;3132;3133;5;-
chrM;3133;3134;1;-
chrM;3137;3138;15;-
chrM;3138;3139;92;-
chrM;3139;3140;33;-
chrM;3140;3141;23;-
chrM;3141;3142;11;-
chrM;3142;3143;1;-
chrM;3143;3144;1;-
chrM;3146;3147;2;-
chrM;3148;3149;15;-
chrM;3149;3150;16;-
chrM;3150;3151;7;-
chrM;3151;3152;8;-
chrM;3152;3153;8;-
chrM;3153;3154;20;-
chrM;3154;3155;10;-
chrM;3156;3157;29;-
chrM;3157;3158;17;-
chrM;3158;3159;13;-
chrM;3159;3160;20;-
chrM;3160;3161;8;-
chrM;3161;3162;1;-
chrM;3162;3163;3;-
chrM;3164;3165;3;-
chrM;3165;3166;2;-
chrM;3166;3167;1;-
chrM;3167;3168;1;-
chrM;3168;3169;1;-
chrM;3169;3170;2;-
chrM;3170;3171;27;-
chrM;3171;3172;5;-
chrM;3173;3174;1;-
chrM;3174;3175;4;-
chrM;3175;3176;6;-
chrM;3176;3177;4;-
chrM;3177;3178;9;-
chrM;3178;3179;3;-
chrM;3180;3181;3;-
chrM;3181;3182;1;-
chrM;3182;3183;7;-
chrM;3183;3184;17;-
chrM;3184;3185;6;-
chrM;3186;3187;8;-
chrM;3187;3188;9;-
chrM;3193;3194;2;-
chrM;3194;3195;3;-
chrM;3195;3196;16;-
chrM;3196;3197;4;-
chrM;3228;3229;2;-
chrM;3229;3230;2;-
chrM;3230;3231;3;-
chrM;3231;3232;9;-
chrM;3232;3233;8;-
chrM;3233;3234;4;-
chrM;3234;3235;20;-
chrM;3235;3236;10;-
chrM;3237;3238;1;-
chrM;3238;3239;5;-
chrM;3239;3240;4;-
chrM;3240;3241;16;-
chrM;3241;3242;1;-
chrM;3245;3246;1;-
chrM;3246;3247;3;-
chrM;3247;3248;8;-
chrM;3248;3249;5;-
chrM;3249;3250;9;-
chrM;3250;3251;7;-
chrM;3251;3252;10;-
chrM;3252;3253;11;-
chrM;3253;3254;6;-
chrM;3254;3255;4;-
chrM;3256;3257;1;-
chrM;3257;3258;1;-
chrM;3258;3259;5;-
chrM;3259;3260;4;-
chrM;3260;3261;17;-
chrM;3261;3262;9;-
chrM;3262;3263;1;-
chrM;3263;3264;1;-
chrM;3265;3266;1;-
chrM;3266;3267;7;-
chrM;3269;3270;1;-
chrM;3270;3271;9;-
chrM;3271;3272;3;-
chrM;3273;3274;6;-
chrM;3274;3275;14;-
chrM;3275;3276;23;-
chrM;3276;3277;77;-
chrM;3277;3278;26;-
chrM;3278;3279;32;-
chrM;3279;3280;23;-
chrM;3280;3281;6;-
chrM;3281;3282;3;-
chrM;3282;3283;8;-
chrM;3283;3284;11;-
chrM;3284;3285;21;-
chrM;3285;3286;17;-
chrM;3286;3287;12;-
chrM;3287;3288;7;-
chrM;3288;3289;6;-
chrM;3290;3291;1;-
chrM;3291;3292;9;-
chrM;3292;3293;7;-
chrM;3293;3294;5;-
chrM;3294;3295;6;-
chrM;3295;3296;1;-
chrM;3297;3298;1;-
chrM;3298;3299;1;-
chrM;3302;3303;1;-
chrM;3306;3307;1;-
chrM;3317;3318;3;-
chrM;3320;3321;10;-
chrM;3321;3322;6;-
chrM;3322;3323;3;-
chrM;3325;3326;1;-
chrM;3328;3329;1;-
chrM;3329;3330;2;-
chrM;3330;3331;20;-
chrM;3331;3332;73;-
chrM;3332;3333;50;-
chrM;3333;3334;15;-
chrM;3334;3335;4;-
chrM;3335;3336;5;-
chrM;3336;3337;13;-
chrM;3337;3338;19;-
chrM;3338;3339;20;-
chrM;3341;3342;10;-
chrM;3342;3343;43;-
chrM;3343;3344;26;-
chrM;3344;3345;13;-
chrM;3345;3346;7;-
chrM;3346;3347;11;-
chrM;3347;3348;2;-
chrM;3348;3349;34;-
chrM;3349;3350;13;-
chrM;3350;3351;11;-
chrM;3351;3352;10;-
chrM;3352;3353;2;-
chrM;3353;3354;2;-
chrM;3354;3355;2;-
chrM;3355;3356;2;-
chrM;3356;3357;1;-
chrM;3357;3358;2;-
chrM;3361;3362;1;-
chrM;3362;3363;9;-
chrM;3363;3364;3;-
chrM;3364;3365;1;-
chrM;3368;3369;1;-
chrM;3369;3370;13;-
chrM;3370;3371;3;-
chrM;3371;3372;1;-
chrM;3374;3375;8;-
chrM;3375;3376;13;-
chrM;3376;3377;7;-
chrM;3377;3378;3;-
chrM;3378;3379;1;-
chrM;3382;3383;1;-
chrM;3383;3384;9;-
chrM;3384;3385;12;-
chrM;3385;3386;2;-
chrM;3386;3387;1;-
chrM;3389;3390;1;-
chrM;3392;3393;16;-
chrM;3393;3394;42;-
chrM;3394;3395;39;-
chrM;3395;3396;30;-
chrM;3396;3397;18;-
chrM;3397;3398;5;-
chrM;3398;3399;12;-
chrM;3399;3400;40;-
chrM;3400;3401;25;-
chrM;3401;3402;11;-
chrM;3402;3403;9;-
chrM;3403;3404;8;-
chrM;3404;3405;1;-
chrM;3405;3406;1;-
chrM;3406;3407;2;-
chrM;3407;3408;3;-
chrM;3408;3409;25;-
chrM;3409;3410;34;-
chrM;3410;3411;10;-
chrM;3413;3414;1;-
chrM;3417;3418;4;-
chrM;3434;3435;3;-
chrM;3436;3437;2;-
chrM;3437;3438;3;-
chrM;3438;3439;1;-
chrM;3439;3440;3;-
chrM;3444;3445;2;-
chrM;3445;3446;6;-
chrM;3447;3448;2;-
chrM;3451;3452;1;-
chrM;3452;3453;12;-
chrM;3453;3454;44;-
chrM;3454;3455;65;-
chrM;3455;3456;52;-
chrM;3456;3457;37;-
chrM;3457;3458;4;-
chrM;3458;3459;1;-
chrM;3459;3460;2;-
chrM;3460;3461;7;-
chrM;3462;3463;3;-
chrM;3463;3464;5;-
chrM;3464;3465;1;-
chrM;3466;3467;1;-
chrM;3470;3471;2;-
chrM;3471;3472;3;-
chrM;3472;3473;1;-
chrM;3474;3475;28;-
chrM;3475;3476;2;-
chrM;3479;3480;5;-
chrM;3480;3481;5;-
chrM;3481;3482;6;-
chrM;3482;3483;11;-
chrM;3483;3484;21;-
chrM;3484;3485;1;-
chrM;3487;3488;1;-
chrM;3488;3489;9;-
chrM;3489;3490;2;-
chrM;3491;3492;1;-
chrM;3493;3494;2;-
chrM;3500;3501;1;-
chrM;3506;3507;1;-
chrM;3507;3508;3;-
chrM;3508;3509;2;-
chrM;3509;3510;3;-
chrM;3510;3511;5;-
chrM;3512;3513;19;-
chrM;3513;3514;4;-
chrM;3514;3515;1;-
chrM;3515;3516;6;-
chrM;3516;3517;9;-
chrM;3517;3518;4;-
chrM;3518;3519;2;-
chrM;3520;3521;1;-
chrM;3521;3522;1;-
chrM;3522;3523;1;-
chrM;3524;3525;5;-
chrM;3525;3526;34;-
chrM;3526;3527;2;-
chrM;3531;3532;7;-
chrM;3532;3533;2;-
chrM;3534;3535;4;-
chrM;3535;3536;7;-
chrM;3537;3538;7;-
chrM;3538;3539;11;-
chrM;3539;3540;3;-
chrM;3540;3541;36;-
chrM;3541;3542;3;-
chrM;3542;3543;1;-
chrM;3543;3544;15;-
chrM;3544;3545;2;-
chrM;3546;3547;3;-
chrM;3547;3548;1;-
chrM;3548;3549;5;-
chrM;3549;3550;1;-
chrM;3550;3551;1;-
chrM;3551;3552;6;-
chrM;3552;3553;8;-
chrM;3553;3554;6;-
chrM;3554;3555;1;-
chrM;3555;3556;4;-
chrM;3556;3557;1;-
chrM;3557;3558;1;-
chrM;3558;3559;13;-
chrM;3560;3561;1;-
chrM;3561;3562;3;-
chrM;3562;3563;12;-
chrM;3563;3564;19;-
chrM;3564;3565;6;-
chrM;3566;3567;1;-
chrM;3567;3568;15;-
chrM;3568;3569;12;-
chrM;3569;3570;14;-
chrM;3570;3571;14;-
chrM;3571;3572;4;-
chrM;3574;3575;3;-
chrM;3575;3576;2;-
chrM;3577;3578;1;-
chrM;3578;3579;2;-
chrM;3579;3580;2;-
chrM;3580;3581;15;-
chrM;3581;3582;4;-
chrM;3582;3583;25;-
chrM;3583;3584;23;-
chrM;3584;3585;25;-
chrM;3585;3586;5;-
chrM;3588;3589;29;-
chrM;3589;3590;25;-
chrM;3590;3591;8;-
chrM;3592;3593;1;-
chrM;3595;3596;9;-
chrM;3596;3597;1;-
chrM;3598;3599;1;-
chrM;3599;3600;2;-
chrM;3600;3601;2;-
chrM;3604;3605;1;-
chrM;3605;3606;1;-
chrM;3607;3608;1;-
chrM;3608;3609;1;-
chrM;3609;3610;3;-
chrM;3610;3611;2;-
chrM;3612;3613;2;-
chrM;3613;3614;5;-
chrM;3623;3624;1;-
chrM;3627;3628;3;-
chrM;3632;3633;18;-
chrM;3633;3634;30;-
chrM;3634;3635;5;-
chrM;3636;3637;2;-
chrM;3637;3638;5;-
chrM;3638;3639;5;-
chrM;3639;3640;14;-
chrM;3640;3641;1;-
chrM;3641;3642;1;-
chrM;3642;3643;14;-
chrM;3643;3644;11;-
chrM;3644;3645;1;-
chrM;3648;3649;1;-
chrM;3650;3651;6;-
chrM;3652;3653;1;-
chrM;3653;3654;3;-
chrM;3654;3655;2;-
chrM;3655;3656;2;-
chrM;3656;3657;5;-
chrM;3657;3658;6;-
chrM;3658;3659;1;-
chrM;3687;3688;2;-
chrM;3688;3689;2;-
chrM;3690;3691;2;-
chrM;3691;3692;7;-
chrM;3692;3693;6;-
chrM;3693;3694;8;-
chrM;3694;3695;3;-
chrM;3695;3696;2;-
chrM;3696;3697;2;-
chrM;3697;3698;1;-
chrM;3698;3699;13;-
chrM;3699;3700;9;-
chrM;3701;3702;1;-
chrM;3702;3703;1;-
chrM;3704;3705;11;-
chrM;3705;3706;1;-
chrM;3706;3707;1;-
chrM;3707;3708;1;-
chrM;3709;3710;2;-
chrM;3710;3711;1;-
chrM;3711;3712;2;-
chrM;3712;3713;1;-
chrM;3713;3714;3;-
chrM;3714;3715;6;-
chrM;3715;3716;4;-
chrM;3716;3717;12;-
chrM;3717;3718;1;-
chrM;3719;3720;1;-
chrM;3723;3724;2;-
chrM;3724;3725;2;-
chrM;3728;3729;6;-
chrM;3729;3730;1;-
chrM;3732;3733;6;-
chrM;3736;3737;2;-
chrM;3737;3738;9;-
chrM;3738;3739;9;-
chrM;3739;3740;3;-
chrM;3741;3742;1;-
chrM;3742;3743;3;-
chrM;3744;3745;2;-
chrM;3751;3752;20;-
chrM;3752;3753;3;-
chrM;3755;3756;4;-
chrM;3756;3757;8;-
chrM;3757;3758;14;-
chrM;3758;3759;8;-
chrM;3759;3760;6;-
chrM;3760;3761;44;-
chrM;3761;3762;14;-
chrM;3762;3763;8;-
chrM;3763;3764;9;-
chrM;3764;3765;2;-
chrM;3765;3766;1;-
chrM;3766;3767;1;-
chrM;3767;3768;1;-
chrM;3769;3770;4;-
chrM;3775;3776;10;-
chrM;3776;3777;7;-
chrM;3777;3778;2;-
chrM;3778;3779;2;-
chrM;3779;3780;3;-
chrM;3783;3784;1;-
chrM;3786;3787;4;-
chrM;3787;3788;6;-
chrM;3788;3789;4;-
chrM;3789;3790;1;-
chrM;3790;3791;7;-
chrM;3792;3793;1;-
chrM;3793;3794;14;-
chrM;3794;3795;8;-
chrM;3795;3796;3;-
chrM;3796;3797;1;-
chrM;3799;3800;2;-
chrM;3800;3801;7;-
chrM;3801;3802;3;-
chrM;3803;3804;1;-
chrM;3805;3806;1;-
chrM;3806;3807;3;-
chrM;3814;3815;1;-
chrM;3815;3816;19;-
chrM;3816;3817;23;-
chrM;3817;3818;18;-
chrM;3818;3819;8;-
chrM;3819;3820;10;-
chrM;3820;3821;4;-
chrM;3822;3823;9;-
chrM;3823;3824;9;-
chrM;3824;3825;2;-
chrM;3826;3827;2;-
chrM;3827;3828;1;-
chrM;3828;3829;4;-
chrM;3829;3830;5;-
chrM;3830;3831;25;-
chrM;3831;3832;12;-
chrM;3832;3833;5;-
chrM;3833;3834;1;-
chrM;3837;3838;14;-
chrM;3838;3839;6;-
chrM;3840;3841;3;-
chrM;3841;3842;1;-
chrM;3842;3843;3;-
chrM;3843;3844;27;-
chrM;3844;3845;5;-
chrM;3846;3847;1;-
chrM;3847;3848;11;-
chrM;3848;3849;4;-
chrM;3849;3850;2;-
chrM;3851;3852;7;-
chrM;3852;3853;4;-
chrM;3853;3854;7;-
chrM;3854;3855;1;-
chrM;3861;3862;3;-
chrM;3862;3863;3;-
chrM;3866;3867;2;-
chrM;3867;3868;10;-
chrM;3868;3869;15;-
chrM;3869;3870;14;-
chrM;3870;3871;5;-
chrM;3871;3872;5;-
chrM;3872;3873;3;-
chrM;3873;3874;5;-
chrM;3874;3875;1;-
chrM;3876;3877;4;-
chrM;3877;3878;12;-
chrM;3878;3879;13;-
chrM;3879;3880;15;-
chrM;3880;3881;14;-
chrM;3881;3882;7;-
chrM;3882;3883;1;-
chrM;3885;3886;1;-
chrM;3886;3887;4;-
chrM;3887;3888;3;-
chrM;3889;3890;3;-
chrM;3890;3891;11;-
chrM;3891;3892;1;-
chrM;3895;3896;1;-
chrM;3899;3900;10;-
chrM;3900;3901;1;-
chrM;3915;3916;1;-
chrM;3916;3917;1;-
chrM;3918;3919;4;-
chrM;3922;3923;1;-
chrM;3923;3924;7;-
chrM;3924;3925;8;-
chrM;3925;3926;7;-
chrM;3926;3927;10;-
chrM;3927;3928;4;-
chrM;3928;3929;2;-
chrM;3929;3930;17;-
chrM;3930;3931;47;-
chrM;3931;3932;13;-
chrM;3932;3933;5;-
chrM;3933;3934;1;-
chrM;3935;3936;1;-
chrM;3937;3938;5;-
chrM;3938;3939;3;-
chrM;3940;3941;4;-
chrM;3942;3943;1;-
chrM;3943;3944;2;-
chrM;3944;3945;14;-
chrM;3945;3946;4;-
chrM;3946;3947;3;-
chrM;3949;3950;1;-
chrM;3950;3951;1;-
chrM;3952;3953;2;-
chrM;3976;3977;9;-
chrM;3977;3978;13;-
chrM;3978;3979;14;-
chrM;3979;3980;5;-
chrM;3980;3981;10;-
chrM;3981;3982;6;-
chrM;3982;3983;8;-
chrM;3983;3984;2;-
chrM;3984;3985;2;-
chrM;3986;3987;3;-
chrM;3987;3988;1;-
chrM;3989;3990;1;-
chrM;3990;3991;1;-
chrM;3992;3993;3;-
chrM;3995;3996;1;-
chrM;3999;4000;1;-
chrM;4000;4001;2;-
chrM;4001;4002;9;-
chrM;4003;4004;1;-
chrM;4004;4005;14;-
chrM;4005;4006;8;-
chrM;4006;4007;5;-
chrM;4007;4008;1;-
chrM;4009;4010;3;-
chrM;4010;4011;4;-
chrM;4012;4013;1;-
chrM;4015;4016;1;-
chrM;4016;4017;4;-
chrM;4017;4018;5;-
chrM;4018;4019;5;-
chrM;4019;4020;5;-
chrM;4020;4021;2;-
chrM;4021;4022;1;-
chrM;4022;4023;3;-
chrM;4023;4024;3;-
chrM;4024;4025;2;-
chrM;4025;4026;5;-
chrM;4026;4027;1;-
chrM;4034;4035;6;-
chrM;4035;4036;7;-
chrM;4036;4037;2;-
chrM;4037;4038;1;-
chrM;4040;4041;2;-
chrM;4041;4042;1;-
chrM;4048;4049;2;-
chrM;4049;4050;1;-
chrM;4056;4057;1;-
chrM;4057;4058;1;-
chrM;4058;4059;1;-
chrM;4059;4060;10;-
chrM;4060;4061;8;-
chrM;4061;4062;8;-
chrM;4062;4063;13;-
chrM;4063;4064;4;-
chrM;4066;4067;4;-
chrM;4067;4068;1;-
chrM;4068;4069;4;-
chrM;4069;4070;2;-
chrM;4070;4071;1;-
chrM;4071;4072;14;-
chrM;4072;4073;11;-
chrM;4073;4074;14;-
chrM;4074;4075;1;-
chrM;4075;4076;10;-
chrM;4076;4077;20;-
chrM;4077;4078;13;-
chrM;4078;4079;4;-
chrM;4079;4080;7;-
chrM;4080;4081;6;-
chrM;4081;4082;3;-
chrM;4083;4084;1;-
chrM;4085;4086;1;-
chrM;4087;4088;2;-
chrM;4088;4089;1;-
chrM;4090;4091;5;-
chrM;4091;4092;15;-
chrM;4092;4093;8;-
chrM;4093;4094;1;-
chrM;4094;4095;7;-
chrM;4095;4096;4;-
chrM;4096;4097;5;-
chrM;4097;4098;5;-
chrM;4098;4099;4;-
chrM;4099;4100;8;-
chrM;4100;4101;10;-
chrM;4101;4102;8;-
chrM;4102;4103;6;-
chrM;4103;4104;1;-
chrM;4104;4105;4;-
chrM;4105;4106;5;-
chrM;4106;4107;11;-
chrM;4107;4108;15;-
chrM;4108;4109;8;-
chrM;4109;4110;1;-
chrM;4111;4112;3;-
chrM;4112;4113;4;-
chrM;4113;4114;1;-
chrM;4116;4117;1;-
chrM;4121;4122;9;-
chrM;4122;4123;3;-
chrM;4123;4124;2;-
chrM;4124;4125;27;-
chrM;4125;4126;15;-
chrM;4126;4127;27;-
chrM;4127;4128;47;-
chrM;4128;4129;23;-
chrM;4129;4130;16;-
chrM;4130;4131;10;-
chrM;4132;4133;6;-
chrM;4133;4134;11;-
chrM;4134;4135;7;-
chrM;4136;4137;16;-
chrM;4137;4138;4;-
chrM;4138;4139;2;-
chrM;4139;4140;6;-
chrM;4140;4141;3;-
chrM;4141;4142;4;-
chrM;4142;4143;3;-
chrM;4144;4145;1;-
chrM;4148;4149;3;-
chrM;4149;4150;1;-
chrM;4150;4151;1;-
chrM;4151;4152;10;-
chrM;4152;4153;2;-
chrM;4154;4155;49;-
chrM;4155;4156;9;-
chrM;4156;4157;1;-
chrM;4157;4158;5;-
chrM;4158;4159;5;-
chrM;4159;4160;5;-
chrM;4160;4161;4;-
chrM;4161;4162;3;-
chrM;4162;4163;2;-
chrM;4163;4164;1;-
chrM;4169;4170;1;-
chrM;4170;4171;9;-
chrM;4171;4172;7;-
chrM;4172;4173;17;-
chrM;4173;4174;5;-
chrM;4174;4175;1;-
chrM;4175;4176;15;-
chrM;4176;4177;3;-
chrM;4177;4178;2;-
chrM;4178;4179;2;-
chrM;4179;4180;2;-
chrM;4180;4181;1;-
chrM;4181;4182;3;-
chrM;4183;4184;3;-
chrM;4184;4185;20;-
chrM;4185;4186;17;-
chrM;4186;4187;1;-
chrM;4188;4189;2;-
chrM;4191;4192;3;-
chrM;4192;4193;1;-
chrM;4193;4194;10;-
chrM;4194;4195;4;-
chrM;4195;4196;1;-
chrM;4197;4198;6;-
chrM;4198;4199;3;-
chrM;4199;4200;5;-
chrM;4200;4201;2;-
chrM;4203;4204;8;-
chrM;4204;4205;3;-
chrM;4205;4206;2;-
chrM;4206;4207;1;-
chrM;4210;4211;1;-
chrM;4211;4212;16;-
chrM;4212;4213;14;-
chrM;4213;4214;14;-
chrM;4214;4215;18;-
chrM;4215;4216;3;-
chrM;4217;4218;2;-
chrM;4218;4219;2;-
chrM;4219;4220;8;-
chrM;4220;4221;7;-
chrM;4221;4222;1;-
chrM;4226;4227;4;-
chrM;4228;4229;1;-
chrM;4229;4230;32;-
chrM;4230;4231;12;-
chrM;4231;4232;6;-
chrM;4232;4233;6;-
chrM;4233;4234;1;-
chrM;4234;4235;7;-
chrM;4235;4236;31;-
chrM;4236;4237;27;-
chrM;4237;4238;26;-
chrM;4238;4239;28;-
chrM;4239;4240;13;-
chrM;4240;4241;8;-
chrM;4241;4242;1;-
chrM;4243;4244;4;-
chrM;4244;4245;6;-
chrM;4245;4246;10;-
chrM;4246;4247;15;-
chrM;4247;4248;2;-
chrM;4249;4250;1;-
chrM;4250;4251;8;-
chrM;4251;4252;6;-
chrM;4252;4253;14;-
chrM;4253;4254;2;-
chrM;4256;4257;4;-
chrM;4257;4258;2;-
chrM;4258;4259;9;-
chrM;4259;4260;18;-
chrM;4260;4261;3;-
chrM;4261;4262;5;-
chrM;4262;4263;10;-
chrM;4263;4264;2;-
chrM;4265;4266;1;-
chrM;4266;4267;5;-
chrM;4267;4268;3;-
chrM;4269;4270;5;-
chrM;4270;4271;4;-
chrM;4271;4272;4;-
chrM;4272;4273;10;-
chrM;4273;4274;4;-
chrM;4274;4275;5;-
chrM;4277;4278;17;-
chrM;4278;4279;12;-
chrM;4279;4280;7;-
chrM;4280;4281;10;-
chrM;4281;4282;4;-
chrM;4282;4283;20;-
chrM;4283;4284;35;-
chrM;4284;4285;11;-
chrM;4285;4286;7;-
chrM;4286;4287;6;-
chrM;4288;4289;1;-
chrM;4289;4290;9;-
chrM;4290;4291;5;-
chrM;4291;4292;8;-
chrM;4292;4293;3;-
chrM;4296;4297;2;-
chrM;4298;4299;1;-
chrM;4299;4300;1;-
chrM;4301;4302;5;-
chrM;4319;4320;10;-
chrM;4320;4321;49;-
chrM;4321;4322;20;-
chrM;4323;4324;27;-
chrM;4324;4325;27;-
chrM;4325;4326;18;-
chrM;4326;4327;3;-
chrM;4327;4328;1;-
chrM;4328;4329;2;-
chrM;4329;4330;1;-
chrM;4356;4357;3;-
chrM;4357;4358;3;-
chrM;4358;4359;10;-
chrM;4360;4361;5;-
chrM;4361;4362;2;-
chrM;4362;4363;8;-
chrM;4363;4364;4;-
chrM;4364;4365;2;-
chrM;4365;4366;10;-
chrM;4366;4367;6;-
chrM;4368;4369;2;-
chrM;4369;4370;1;-
chrM;4370;4371;1;-
chrM;4371;4372;1;-
chrM;4413;4414;3;-
chrM;4414;4415;5;-
chrM;4415;4416;5;-
chrM;4416;4417;7;-
chrM;4417;4418;3;-
chrM;4418;4419;1;-
chrM;4419;4420;1;-
chrM;4423;4424;6;-
chrM;4424;4425;3;-
chrM;4425;4426;1;-
chrM;4428;4429;2;-
chrM;4429;4430;2;-
chrM;4430;4431;5;-
chrM;4431;4432;4;-
chrM;4435;4436;1;-
chrM;4436;4437;5;-
chrM;4437;4438;8;-
chrM;4438;4439;7;-
chrM;4445;4446;1;-
chrM;4446;4447;1;-
chrM;4448;4449;6;-
chrM;4449;4450;3;-
chrM;4450;4451;2;-
chrM;4451;4452;1;-
chrM;4453;4454;1;-
chrM;4455;4456;3;-
chrM;4456;4457;2;-
chrM;4457;4458;1;-
chrM;4459;4460;2;-
chrM;4461;4462;1;-
chrM;4466;4467;4;-
chrM;4467;4468;4;-
chrM;4468;4469;4;-
chrM;4469;4470;8;-
chrM;4471;4472;1;-
chrM;4472;4473;14;-
chrM;4473;4474;7;-
chrM;4474;4475;3;-
chrM;4475;4476;2;-
chrM;4476;4477;1;-
chrM;4477;4478;5;-
chrM;4484;4485;7;-
chrM;4485;4486;4;-
chrM;4486;4487;2;-
chrM;4487;4488;2;-
chrM;4491;4492;1;-
chrM;4503;4504;20;-
chrM;4504;4505;2;-
chrM;4505;4506;2;-
chrM;4507;4508;12;-
chrM;4508;4509;22;-
chrM;4509;4510;12;-
chrM;4511;4512;15;-
chrM;4512;4513;12;-
chrM;4513;4514;2;-
chrM;4514;4515;4;-
chrM;4515;4516;7;-
chrM;4517;4518;19;-
chrM;4518;4519;8;-
chrM;4520;4521;7;-
chrM;4522;4523;2;-
chrM;4523;4524;2;-
chrM;4524;4525;2;-
chrM;4526;4527;7;-
chrM;4527;4528;1;-
chrM;4532;4533;1;-
chrM;4534;4535;1;-
chrM;4561;4562;1;-
chrM;4562;4563;19;-
chrM;4563;4564;14;-
chrM;4564;4565;6;-
chrM;4565;4566;7;-
chrM;4566;4567;6;-
chrM;4568;4569;1;-
chrM;4570;4571;1;-
chrM;4578;4579;2;-
chrM;4579;4580;5;-
chrM;4580;4581;1;-
chrM;4581;4582;1;-
chrM;4582;4583;3;-
chrM;4584;4585;1;-
chrM;4588;4589;3;-
chrM;4589;4590;11;-
chrM;4590;4591;1;-
chrM;4591;4592;1;-
chrM;4592;4593;7;-
chrM;4593;4594;1;-
chrM;4594;4595;5;-
chrM;4595;4596;3;-
chrM;4597;4598;6;-
chrM;4598;4599;1;-
chrM;4601;4602;1;-
chrM;4603;4604;8;-
chrM;4604;4605;3;-
chrM;4605;4606;4;-
chrM;4607;4608;3;-
chrM;4608;4609;4;-
chrM;4610;4611;1;-
chrM;4611;4612;2;-
chrM;4612;4613;1;-
chrM;4614;4615;1;-
chrM;4619;4620;1;-
chrM;4620;4621;1;-
chrM;4621;4622;3;-
chrM;4622;4623;1;-
chrM;4623;4624;19;-
chrM;4624;4625;14;-
chrM;4625;4626;20;-
chrM;4626;4627;3;-
chrM;4627;4628;4;-
chrM;4631;4632;3;-
chrM;4632;4633;2;-
chrM;4634;4635;1;-
chrM;4635;4636;3;-
chrM;4643;4644;6;-
chrM;4644;4645;3;-
chrM;4645;4646;10;-
chrM;4646;4647;10;-
chrM;4647;4648;3;-
chrM;4648;4649;3;-
chrM;4649;4650;8;-
chrM;4650;4651;1;-
chrM;4652;4653;1;-
chrM;4653;4654;2;-
chrM;4663;4664;1;-
chrM;4665;4666;6;-
chrM;4666;4667;5;-
chrM;4667;4668;11;-
chrM;4668;4669;11;-
chrM;4669;4670;3;-
chrM;4670;4671;9;-
chrM;4671;4672;3;-
chrM;4673;4674;5;-
chrM;4674;4675;26;-
chrM;4675;4676;33;-
chrM;4676;4677;25;-
chrM;4677;4678;21;-
chrM;4678;4679;10;-
chrM;4679;4680;19;-
chrM;4680;4681;5;-
chrM;4682;4683;5;-
chrM;4683;4684;6;-
chrM;4684;4685;7;-
chrM;4685;4686;16;-
chrM;4686;4687;6;-
chrM;4687;4688;1;-
chrM;4688;4689;1;-
chrM;4693;4694;3;-
chrM;4694;4695;14;-
chrM;4695;4696;5;-
chrM;4696;4697;3;-
chrM;4697;4698;1;-
chrM;4699;4700;1;-
chrM;4702;4703;1;-
chrM;4703;4704;1;-
chrM;4707;4708;3;-
chrM;4708;4709;3;-
chrM;4710;4711;2;-
chrM;4712;4713;10;-
chrM;4713;4714;13;-
chrM;4714;4715;7;-
chrM;4715;4716;4;-
chrM;4716;4717;2;-
chrM;4718;4719;1;-
chrM;4719;4720;1;-
chrM;4722;4723;1;-
chrM;4723;4724;1;-
chrM;4730;4731;2;-
chrM;4732;4733;4;-
chrM;4733;4734;1;-
chrM;4734;4735;2;-
chrM;4735;4736;6;-
chrM;4736;4737;3;-
chrM;4737;4738;2;-
chrM;4740;4741;1;-
chrM;4744;4745;3;-
chrM;4745;4746;12;-
chrM;4746;4747;10;-
chrM;4747;4748;3;-
chrM;4748;4749;3;-
chrM;4749;4750;9;-
chrM;4750;4751;4;-
chrM;4751;4752;3;-
chrM;4754;4755;5;-
chrM;4756;4757;2;-
chrM;4757;4758;10;-
chrM;4758;4759;9;-
chrM;4759;4760;5;-
chrM;4760;4761;3;-
chrM;4763;4764;1;-
chrM;4766;4767;9;-
chrM;4767;4768;6;-
chrM;4768;4769;2;-
chrM;4769;4770;2;-
chrM;4771;4772;1;-
chrM;4772;4773;3;-
chrM;4778;4779;3;-
chrM;4780;4781;1;-
chrM;4784;4785;2;-
chrM;4785;4786;2;-
chrM;4826;4827;1;-
chrM;4827;4828;11;-
chrM;4828;4829;2;-
chrM;4830;4831;3;-
chrM;4831;4832;4;-
chrM;4832;4833;1;-
chrM;4833;4834;1;-
chrM;4834;4835;5;-
chrM;4835;4836;2;-
chrM;4836;4837;1;-
chrM;4839;4840;1;-
chrM;4840;4841;6;-
chrM;4841;4842;3;-
chrM;4842;4843;1;-
chrM;4843;4844;4;-
chrM;4844;4845;2;-
chrM;4850;4851;1;-
chrM;4854;4855;6;-
chrM;4855;4856;5;-
chrM;4856;4857;1;-
chrM;4857;4858;6;-
chrM;4858;4859;7;-
chrM;4859;4860;5;-
chrM;4860;4861;4;-
chrM;4861;4862;2;-
chrM;4862;4863;1;-
chrM;4863;4864;3;-
chrM;4865;4866;2;-
chrM;4869;4870;3;-
chrM;4870;4871;2;-
chrM;4872;4873;1;-
chrM;4873;4874;2;-
chrM;4874;4875;3;-
chrM;4875;4876;11;-
chrM;4876;4877;29;-
chrM;4877;4878;4;-
chrM;4878;4879;4;-
chrM;4879;4880;3;-
chrM;4880;4881;4;-
chrM;4881;4882;6;-
chrM;4883;4884;2;-
chrM;4890;4891;2;-
chrM;4891;4892;22;-
chrM;4892;4893;18;-
chrM;4893;4894;25;-
chrM;4894;4895;19;-
chrM;4895;4896;30;-
chrM;4896;4897;3;-
chrM;4897;4898;3;-
chrM;4898;4899;44;-
chrM;4899;4900;23;-
chrM;4900;4901;5;-
chrM;4901;4902;1;-
chrM;4903;4904;1;-
chrM;4908;4909;14;-
chrM;4909;4910;4;-
chrM;4910;4911;12;-
chrM;4911;4912;8;-
chrM;4912;4913;4;-
chrM;4913;4914;3;-
chrM;4914;4915;3;-
chrM;4916;4917;1;-
chrM;4917;4918;3;-
chrM;4918;4919;11;-
chrM;4919;4920;34;-
chrM;4920;4921;3;-
chrM;4921;4922;5;-
chrM;4922;4923;38;-
chrM;4923;4924;23;-
chrM;4924;4925;35;-
chrM;4925;4926;55;-
chrM;4926;4927;12;-
chrM;4927;4928;5;-
chrM;4928;4929;57;-
chrM;4929;4930;41;-
chrM;4930;4931;34;-
chrM;4931;4932;26;-
chrM;4932;4933;60;-
chrM;4933;4934;68;-
chrM;4934;4935;47;-
chrM;4935;4936;12;-
chrM;4936;4937;6;-
chrM;4937;4938;6;-
chrM;4938;4939;2;-
chrM;4940;4941;1;-
chrM;4941;4942;1;-
chrM;4944;4945;13;-
chrM;4945;4946;17;-
chrM;4946;4947;3;-
chrM;4947;4948;3;-
chrM;4948;4949;35;-
chrM;4949;4950;5;-
chrM;4950;4951;1;-
chrM;4951;4952;3;-
chrM;4955;4956;2;-
chrM;4956;4957;51;-
chrM;4957;4958;6;-
chrM;4958;4959;5;-
chrM;4963;4964;5;-
chrM;4964;4965;2;-
chrM;4965;4966;7;-
chrM;4966;4967;17;-
chrM;4967;4968;5;-
chrM;4968;4969;1;-
chrM;4969;4970;13;-
chrM;4970;4971;29;-
chrM;4971;4972;42;-
chrM;4972;4973;21;-
chrM;4973;4974;18;-
chrM;4974;4975;11;-
chrM;4975;4976;4;-
chrM;4976;4977;12;-
chrM;4977;4978;9;-
chrM;4978;4979;1;-
chrM;4979;4980;6;-
chrM;4980;4981;45;-
chrM;4981;4982;5;-
chrM;4982;4983;6;-
chrM;4983;4984;9;-
chrM;4984;4985;4;-
chrM;4985;4986;16;-
chrM;4986;4987;52;-
chrM;4987;4988;13;-
chrM;4989;4990;4;-
chrM;4990;4991;9;-
chrM;4991;4992;2;-
chrM;4993;4994;1;-
chrM;4994;4995;2;-
chrM;4995;4996;6;-
chrM;4996;4997;14;-
chrM;4997;4998;38;-
chrM;4998;4999;31;-
chrM;4999;5000;11;-
chrM;5000;5001;4;-
chrM;5002;5003;7;-
chrM;5007;5008;3;-
chrM;5008;5009;2;-
chrM;5009;5010;1;-
chrM;5011;5012;10;-
chrM;5012;5013;29;-
chrM;5013;5014;10;-
chrM;5014;5015;23;-
chrM;5015;5016;4;-
chrM;5017;5018;2;-
chrM;5018;5019;3;-
chrM;5019;5020;2;-
chrM;5020;5021;6;-
chrM;5021;5022;2;-
chrM;5022;5023;9;-
chrM;5023;5024;21;-
chrM;5025;5026;5;-
chrM;5026;5027;3;-
chrM;5027;5028;2;-
chrM;5029;5030;1;-
chrM;5030;5031;1;-
chrM;5032;5033;5;-
chrM;5033;5034;23;-
chrM;5034;5035;2;-
chrM;5035;5036;3;-
chrM;5036;5037;34;-
chrM;5037;5038;14;-
chrM;5038;5039;2;-
chrM;5039;5040;32;-
chrM;5040;5041;7;-
chrM;5041;5042;2;-
chrM;5043;5044;1;-
chrM;5047;5048;4;-
chrM;5053;5054;6;-
chrM;5054;5055;1;-
chrM;5055;5056;1;-
chrM;5056;5057;1;-
chrM;5057;5058;1;-
chrM;5058;5059;4;-
chrM;5059;5060;3;-
chrM;5060;5061;1;-
chrM;5062;5063;7;-
chrM;5063;5064;24;-
chrM;5064;5065;4;-
chrM;5082;5083;8;-
chrM;5083;5084;2;-
chrM;5084;5085;13;-
chrM;5086;5087;5;-
chrM;5087;5088;2;-
chrM;5088;5089;3;-
chrM;5089;5090;26;-
chrM;5090;5091;6;-
chrM;5093;5094;5;-
chrM;5094;5095;18;-
chrM;5095;5096;10;-
chrM;5096;5097;5;-
chrM;5097;5098;10;-
chrM;5098;5099;2;-
chrM;5104;5105;1;-
chrM;5106;5107;2;-
chrM;5107;5108;4;-
chrM;5108;5109;3;-
chrM;5109;5110;1;-
chrM;5110;5111;23;-
chrM;5111;5112;10;-
chrM;5112;5113;2;-
chrM;5118;5119;1;-
chrM;5119;5120;3;-
chrM;5120;5121;24;-
chrM;5121;5122;4;-
chrM;5122;5123;1;-
chrM;5124;5125;1;-
chrM;5126;5127;5;-
chrM;5127;5128;12;-
chrM;5128;5129;6;-
chrM;5129;5130;1;-
chrM;5131;5132;2;-
chrM;5133;5134;1;-
chrM;5135;5136;8;-
chrM;5136;5137;7;-
chrM;5137;5138;27;-
chrM;5138;5139;5;-
chrM;5143;5144;3;-
chrM;5144;5145;1;-
chrM;5145;5146;3;-
chrM;5146;5147;6;-
chrM;5147;5148;3;-
chrM;5151;5152;3;-
chrM;5156;5157;1;-
chrM;5166;5167;82;-
chrM;5167;5168;45;-
chrM;5168;5169;6;-
chrM;5169;5170;5;-
chrM;5170;5171;2;-
chrM;5179;5180;2;-
chrM;5180;5181;11;-
chrM;5181;5182;72;-
chrM;5182;5183;79;-
chrM;5183;5184;93;-
chrM;5184;5185;87;-
chrM;5185;5186;61;-
chrM;5186;5187;10;-
chrM;5187;5188;8;-
chrM;5188;5189;29;-
chrM;5189;5190;2;-
chrM;5191;5192;1;-
chrM;5192;5193;2;-
chrM;5193;5194;2;-
chrM;5194;5195;8;-
chrM;5196;5197;3;-
chrM;5197;5198;18;-
chrM;5198;5199;7;-
chrM;5199;5200;2;-
chrM;5200;5201;13;-
chrM;5201;5202;4;-
chrM;5203;5204;4;-
chrM;5207;5208;1;-
chrM;5208;5209;3;-
chrM;5209;5210;3;-
chrM;5216;5217;2;-
chrM;5218;5219;17;-
chrM;5220;5221;7;-
chrM;5228;5229;1;-
chrM;5229;5230;1;-
chrM;5230;5231;1;-
chrM;5231;5232;17;-
chrM;5232;5233;47;-
chrM;5233;5234;33;-
chrM;5234;5235;8;-
chrM;5237;5238;2;-
chrM;5238;5239;3;-
chrM;5239;5240;2;-
chrM;5242;5243;1;-
chrM;5244;5245;6;-
chrM;5246;5247;3;-
chrM;5247;5248;2;-
chrM;5249;5250;1;-
chrM;5250;5251;2;-
chrM;5251;5252;2;-
chrM;5252;5253;5;-
chrM;5254;5255;8;-
chrM;5255;5256;3;-
chrM;5256;5257;3;-
chrM;5257;5258;12;-
chrM;5258;5259;25;-
chrM;5259;5260;34;-
chrM;5260;5261;9;-
chrM;5262;5263;2;-
chrM;5266;5267;2;-
chrM;5267;5268;3;-
chrM;5268;5269;1;-
chrM;5269;5270;1;-
chrM;5270;5271;1;-
chrM;5275;5276;1;-
chrM;5276;5277;1;-
chrM;5277;5278;1;-
chrM;5278;5279;8;-
chrM;5279;5280;6;-
chrM;5280;5281;7;-
chrM;5281;5282;17;-
chrM;5282;5283;8;-
chrM;5283;5284;11;-
chrM;5284;5285;2;-
chrM;5285;5286;3;-
chrM;5314;5315;7;-
chrM;5315;5316;4;-
chrM;5358;5359;1;-
chrM;5361;5362;3;-
chrM;5362;5363;1;-
chrM;5364;5365;1;-
chrM;5365;5366;1;-
chrM;5369;5370;2;-
chrM;5370;5371;5;-
chrM;5371;5372;8;-
chrM;5373;5374;1;-
chrM;5374;5375;2;-
chrM;5375;5376;1;-
chrM;5376;5377;9;-
chrM;5377;5378;4;-
chrM;5378;5379;1;-
chrM;5379;5380;2;-
chrM;5380;5381;4;-
chrM;5381;5382;1;-
chrM;5382;5383;2;-
chrM;5383;5384;2;-
chrM;5384;5385;1;-
chrM;5385;5386;11;-
chrM;5386;5387;3;-
chrM;5388;5389;2;-
chrM;5390;5391;6;-
chrM;5391;5392;25;-
chrM;5392;5393;4;-
chrM;5393;5394;11;-
chrM;5394;5395;3;-
chrM;5395;5396;3;-
chrM;5396;5397;3;-
chrM;5397;5398;4;-
chrM;5398;5399;1;-
chrM;5399;5400;14;-
chrM;5400;5401;8;-
chrM;5401;5402;7;-
chrM;5402;5403;5;-
chrM;5403;5404;9;-
chrM;5404;5405;2;-
chrM;5405;5406;1;-
chrM;5409;5410;7;-
chrM;5410;5411;3;-
chrM;5411;5412;2;-
chrM;5412;5413;11;-
chrM;5413;5414;7;-
chrM;5416;5417;7;-
chrM;5417;5418;3;-
chrM;5418;5419;11;-
chrM;5419;5420;21;-
chrM;5420;5421;8;-
chrM;5421;5422;4;-
chrM;5425;5426;2;-
chrM;5444;5445;1;-
chrM;5450;5451;4;-
chrM;5451;5452;2;-
chrM;5452;5453;4;-
chrM;5453;5454;2;-
chrM;5454;5455;1;-
chrM;5455;5456;5;-
chrM;5456;5457;30;-
chrM;5457;5458;54;-
chrM;5458;5459;14;-
chrM;5459;5460;3;-
chrM;5460;5461;4;-
chrM;5461;5462;6;-
chrM;5462;5463;3;-
chrM;5469;5470;23;-
chrM;5470;5471;6;-
chrM;5471;5472;6;-
chrM;5472;5473;6;-
chrM;5473;5474;1;-
chrM;5476;5477;15;-
chrM;5477;5478;9;-
chrM;5478;5479;2;-
chrM;5479;5480;3;-
chrM;5482;5483;2;-
chrM;5483;5484;1;-
chrM;5485;5486;2;-
chrM;5486;5487;32;-
chrM;5487;5488;3;-
chrM;5488;5489;1;-
chrM;5490;5491;2;-
chrM;5491;5492;3;-
chrM;5495;5496;5;-
chrM;5496;5497;19;-
chrM;5497;5498;6;-
chrM;5505;5506;15;-
chrM;5506;5507;8;-
chrM;5508;5509;6;-
chrM;5509;5510;6;-
chrM;5510;5511;1;-
chrM;5513;5514;2;-
chrM;5548;5549;1;-
chrM;5549;5550;3;-
chrM;5550;5551;22;-
chrM;5551;5552;25;-
chrM;5552;5553;37;-
chrM;5553;5554;20;-
chrM;5554;5555;7;-
chrM;5555;5556;2;-
chrM;5556;5557;1;-
chrM;5558;5559;8;-
chrM;5559;5560;19;-
chrM;5560;5561;29;-
chrM;5561;5562;7;-
chrM;5562;5563;1;-
chrM;5563;5564;1;-
chrM;5564;5565;1;-
chrM;5565;5566;3;-
chrM;5566;5567;2;-
chrM;5567;5568;12;-
chrM;5568;5569;8;-
chrM;5569;5570;1;-
chrM;5571;5572;12;-
chrM;5572;5573;10;-
chrM;5573;5574;2;-
chrM;5574;5575;26;-
chrM;5575;5576;18;-
chrM;5576;5577;9;-
chrM;5577;5578;5;-
chrM;5578;5579;1;-
chrM;5580;5581;1;-
chrM;5585;5586;5;-
chrM;5586;5587;53;-
chrM;5587;5588;21;-
chrM;5588;5589;17;-
chrM;5589;5590;21;-
chrM;5590;5591;10;-
chrM;5591;5592;8;-
chrM;5592;5593;21;-
chrM;5593;5594;22;-
chrM;5594;5595;17;-
chrM;5595;5596;9;-
chrM;5596;5597;7;-
chrM;5599;5600;2;-
chrM;5600;5601;2;-
chrM;5601;5602;12;-
chrM;5602;5603;12;-
chrM;5603;5604;2;-
chrM;5604;5605;1;-
chrM;5606;5607;1;-
chrM;5607;5608;33;-
chrM;5608;5609;16;-
chrM;5609;5610;16;-
chrM;5610;5611;21;-
chrM;5611;5612;11;-
chrM;5612;5613;1;-
chrM;5613;5614;2;-
chrM;5620;5621;1;-
chrM;5621;5622;1;-
chrM;5626;5627;1;-
chrM;5627;5628;1;-
chrM;5628;5629;1;-
chrM;5631;5632;1;-
chrM;5645;5646;10;-
chrM;5646;5647;3;-
chrM;5651;5652;1;-
chrM;5652;5653;4;-
chrM;5653;5654;6;-
chrM;5654;5655;1;-
chrM;5655;5656;31;-
chrM;5656;5657;9;-
chrM;5658;5659;6;-
chrM;5660;5661;1;-
chrM;5673;5674;1;-
chrM;5676;5677;2;-
chrM;5677;5678;2;-
chrM;5678;5679;1;-
chrM;5679;5680;7;-
chrM;5680;5681;1;-
chrM;5681;5682;2;-
chrM;5682;5683;9;-
chrM;5683;5684;1;-
chrM;5684;5685;13;-
chrM;5685;5686;45;-
chrM;5686;5687;11;-
chrM;5687;5688;8;-
chrM;5688;5689;2;-
chrM;5689;5690;4;-
chrM;5690;5691;12;-
chrM;5691;5692;45;-
chrM;5692;5693;6;-
chrM;5693;5694;4;-
chrM;5695;5696;3;-
chrM;5696;5697;18;-
chrM;5697;5698;50;-
chrM;5698;5699;11;-
chrM;5699;5700;7;-
chrM;5700;5701;1;-
chrM;5701;5702;3;-
chrM;5702;5703;7;-
chrM;5703;5704;1;-
chrM;5704;5705;7;-
chrM;5705;5706;12;-
chrM;5706;5707;21;-
chrM;5707;5708;7;-
chrM;5708;5709;2;-
chrM;5709;5710;8;-
chrM;5710;5711;4;-
chrM;5711;5712;21;-
chrM;5712;5713;25;-
chrM;5713;5714;35;-
chrM;5714;5715;35;-
chrM;5715;5716;29;-
chrM;5716;5717;13;-
chrM;5717;5718;16;-
chrM;5718;5719;8;-
chrM;5719;5720;6;-
chrM;5720;5721;7;-
chrM;5721;5722;59;-
chrM;5722;5723;25;-
chrM;5723;5724;24;-
chrM;5724;5725;40;-
chrM;5725;5726;25;-
chrM;5726;5727;3;-
chrM;5730;5731;3;-
chrM;5731;5732;7;-
chrM;5732;5733;3;-
chrM;5733;5734;49;-
chrM;5734;5735;31;-
chrM;5735;5736;18;-
chrM;5736;5737;16;-
chrM;5737;5738;13;-
chrM;5738;5739;8;-
chrM;5739;5740;11;-
chrM;5740;5741;24;-
chrM;5741;5742;20;-
chrM;5742;5743;33;-
chrM;5743;5744;3;-
chrM;5744;5745;8;-
chrM;5745;5746;10;-
chrM;5746;5747;8;-
chrM;5747;5748;2;-
chrM;5749;5750;1;-
chrM;5750;5751;24;-
chrM;5751;5752;27;-
chrM;5752;5753;11;-
chrM;5753;5754;1;-
chrM;5754;5755;20;-
chrM;5755;5756;22;-
chrM;5756;5757;7;-
chrM;5757;5758;16;-
chrM;5758;5759;4;-
chrM;5760;5761;7;-
chrM;5761;5762;7;-
chrM;5762;5763;2;-
chrM;5763;5764;1;-
chrM;5764;5765;1;-
chrM;5768;5769;8;-
chrM;5769;5770;11;-
chrM;5770;5771;8;-
chrM;5771;5772;63;-
chrM;5772;5773;21;-
chrM;5773;5774;10;-
chrM;5774;5775;1;-
chrM;5775;5776;6;-
chrM;5789;5790;9;-
chrM;5791;5792;3;-
chrM;5796;5797;1;-
chrM;5837;5838;7;-
chrM;5838;5839;9;-
chrM;5839;5840;1;-
chrM;5840;5841;4;-
chrM;5841;5842;10;-
chrM;5842;5843;31;-
chrM;5843;5844;140;-
chrM;5844;5845;176;-
chrM;5845;5846;121;-
chrM;5846;5847;110;-
chrM;5847;5848;102;-
chrM;5848;5849;44;-
chrM;5849;5850;15;-
chrM;5850;5851;12;-
chrM;5851;5852;3;-
chrM;5853;5854;2;-
chrM;5854;5855;5;-
chrM;5855;5856;12;-
chrM;5856;5857;39;-
chrM;5857;5858;29;-
chrM;5858;5859;25;-
chrM;5859;5860;3;-
chrM;5860;5861;2;-
chrM;5861;5862;3;-
chrM;5862;5863;6;-
chrM;5863;5864;17;-
chrM;5864;5865;6;-
chrM;5865;5866;4;-
chrM;5866;5867;6;-
chrM;5867;5868;2;-
chrM;5868;5869;4;-
chrM;5869;5870;77;-
chrM;5870;5871;41;-
chrM;5871;5872;24;-
chrM;5872;5873;2;-
chrM;5876;5877;3;-
chrM;5877;5878;18;-
chrM;5878;5879;15;-
chrM;5879;5880;7;-
chrM;5881;5882;7;-
chrM;5884;5885;3;-
chrM;5900;5901;31;-
chrM;5901;5902;52;-
chrM;5902;5903;18;-
chrM;5903;5904;2;-
chrM;5904;5905;26;-
chrM;5905;5906;10;-
chrM;5906;5907;39;-
chrM;5907;5908;149;-
chrM;5908;5909;23;-
chrM;5910;5911;65;-
chrM;5911;5912;3;-
chrM;5915;5916;1;-
chrM;5916;5917;1;-
chrM;5918;5919;16;-
chrM;5919;5920;19;-
chrM;5920;5921;4;-
chrM;5921;5922;9;-
chrM;5924;5925;24;-
chrM;5925;5926;21;-
chrM;5926;5927;8;-
chrM;5927;5928;2;-
chrM;5928;5929;13;-
chrM;5929;5930;3;-
chrM;5930;5931;1;-
chrM;5931;5932;32;-
chrM;5932;5933;16;-
chrM;5933;5934;45;-
chrM;5934;5935;97;-
chrM;5935;5936;65;-
chrM;5936;5937;45;-
chrM;5937;5938;68;-
chrM;5938;5939;24;-
chrM;5939;5940;10;-
chrM;5940;5941;9;-
chrM;5941;5942;4;-
chrM;5942;5943;1;-
chrM;5943;5944;2;-
chrM;5944;5945;23;-
chrM;5945;5946;1;-
chrM;5947;5948;3;-
chrM;5948;5949;2;-
chrM;5949;5950;26;-
chrM;5950;5951;5;-
chrM;5951;5952;1;-
chrM;5952;5953;43;-
chrM;5953;5954;8;-
chrM;5955;5956;6;-
chrM;5956;5957;15;-
chrM;5957;5958;24;-
chrM;5958;5959;37;-
chrM;5959;5960;20;-
chrM;5960;5961;16;-
chrM;5961;5962;32;-
chrM;5962;5963;77;-
chrM;5963;5964;56;-
chrM;5964;5965;20;-
chrM;5965;5966;3;-
chrM;5966;5967;5;-
chrM;5967;5968;12;-
chrM;5968;5969;15;-
chrM;5969;5970;1;-
chrM;5970;5971;2;-
chrM;5971;5972;5;-
chrM;5972;5973;5;-
chrM;5973;5974;8;-
chrM;5974;5975;10;-
chrM;5975;5976;5;-
chrM;5976;5977;1;-
chrM;5977;5978;3;-
chrM;5978;5979;2;-
chrM;5981;5982;5;-
chrM;5982;5983;6;-
chrM;5983;5984;3;-
chrM;5984;5985;1;-
chrM;5985;5986;6;-
chrM;5986;5987;27;-
chrM;5987;5988;10;-
chrM;5988;5989;2;-
chrM;5990;5991;29;-
chrM;5991;5992;38;-
chrM;5992;5993;41;-
chrM;5993;5994;18;-
chrM;5994;5995;26;-
chrM;6000;6001;3;-
chrM;6001;6002;6;-
chrM;6002;6003;10;-
chrM;6003;6004;4;-
chrM;6004;6005;8;-
chrM;6005;6006;9;-
chrM;6006;6007;13;-
chrM;6007;6008;30;-
chrM;6008;6009;13;-
chrM;6009;6010;3;-
chrM;6010;6011;1;-
chrM;6012;6013;3;-
chrM;6013;6014;4;-
chrM;6014;6015;1;-
chrM;6015;6016;5;-
chrM;6016;6017;3;-
chrM;6017;6018;23;-
chrM;6018;6019;7;-
chrM;6019;6020;33;-
chrM;6020;6021;29;-
chrM;6021;6022;10;-
chrM;6022;6023;8;-
chrM;6025;6026;3;-
chrM;6026;6027;5;-
chrM;6027;6028;6;-
chrM;6028;6029;1;-
chrM;6033;6034;1;-
chrM;6035;6036;2;-
chrM;6037;6038;1;-
chrM;6049;6050;5;-
chrM;6050;6051;1;-
chrM;6051;6052;1;-
chrM;6053;6054;1;-
chrM;6056;6057;2;-
chrM;6060;6061;2;-
chrM;6061;6062;4;-
chrM;6082;6083;1;-
chrM;6085;6086;2;-
chrM;6109;6110;1;-
chrM;6114;6115;1;-
chrM;6122;6123;1;-
chrM;6124;6125;4;-
chrM;6125;6126;2;-
chrM;6126;6127;2;-
chrM;6128;6129;37;-
chrM;6129;6130;162;-
chrM;6130;6131;52;-
chrM;6131;6132;20;-
chrM;6132;6133;3;-
chrM;6134;6135;2;-
chrM;6136;6137;1;-
chrM;6137;6138;1;-
chrM;6138;6139;38;-
chrM;6139;6140;5;-
chrM;6143;6144;1;-
chrM;6144;6145;4;-
chrM;6145;6146;1;-
chrM;6148;6149;2;-
chrM;6149;6150;39;-
chrM;6150;6151;31;-
chrM;6151;6152;16;-
chrM;6152;6153;3;-
chrM;6153;6154;2;-
chrM;6154;6155;1;-
chrM;6156;6157;3;-
chrM;6157;6158;3;-
chrM;6158;6159;5;-
chrM;6159;6160;12;-
chrM;6160;6161;2;-
chrM;6161;6162;2;-
chrM;6163;6164;1;-
chrM;6164;6165;1;-
chrM;6165;6166;29;-
chrM;6167;6168;35;-
chrM;6168;6169;3;-
chrM;6194;6195;32;-
chrM;6195;6196;13;-
chrM;6196;6197;27;-
chrM;6197;6198;27;-
chrM;6198;6199;6;-
chrM;6203;6204;1;-
chrM;6204;6205;13;-
chrM;6205;6206;4;-
chrM;6206;6207;10;-
chrM;6207;6208;8;-
chrM;6208;6209;4;-
chrM;6209;6210;1;-
chrM;6210;6211;11;-
chrM;6211;6212;2;-
chrM;6212;6213;1;-
chrM;6215;6216;1;-
chrM;6216;6217;5;-
chrM;6217;6218;4;-
chrM;6218;6219;2;-
chrM;6219;6220;9;-
chrM;6220;6221;3;-
chrM;6221;6222;1;-
chrM;6222;6223;15;-
chrM;6223;6224;12;-
chrM;6224;6225;6;-
chrM;6225;6226;4;-
chrM;6226;6227;3;-
chrM;6227;6228;8;-
chrM;6228;6229;8;-
chrM;6229;6230;2;-
chrM;6230;6231;4;-
chrM;6231;6232;5;-
chrM;6232;6233;2;-
chrM;6236;6237;8;-
chrM;6237;6238;4;-
chrM;6240;6241;2;-
chrM;6241;6242;17;-
chrM;6242;6243;6;-
chrM;6243;6244;1;-
chrM;6245;6246;9;-
chrM;6246;6247;28;-
chrM;6247;6248;15;-
chrM;6248;6249;10;-
chrM;6249;6250;5;-
chrM;6250;6251;18;-
chrM;6251;6252;2;-
chrM;6253;6254;1;-
chrM;6255;6256;1;-
chrM;6259;6260;2;-
chrM;6260;6261;17;-
chrM;6261;6262;58;-
chrM;6262;6263;34;-
chrM;6263;6264;8;-
chrM;6264;6265;2;-
chrM;6265;6266;1;-
chrM;6267;6268;1;-
chrM;6268;6269;57;-
chrM;6269;6270;13;-
chrM;6270;6271;6;-
chrM;6273;6274;63;-
chrM;6274;6275;35;-
chrM;6275;6276;14;-
chrM;6276;6277;4;-
chrM;6277;6278;9;-
chrM;6278;6279;1;-
chrM;6279;6280;7;-
chrM;6280;6281;2;-
chrM;6282;6283;6;-
chrM;6283;6284;3;-
chrM;6285;6286;2;-
chrM;6286;6287;1;-
chrM;6288;6289;9;-
chrM;6289;6290;38;-
chrM;6290;6291;32;-
chrM;6291;6292;4;-
chrM;6292;6293;2;-
chrM;6293;6294;21;-
chrM;6294;6295;5;-
chrM;6295;6296;1;-
chrM;6296;6297;4;-
chrM;6297;6298;21;-
chrM;6299;6300;15;-
chrM;6300;6301;2;-
chrM;6301;6302;2;-
chrM;6302;6303;12;-
chrM;6303;6304;80;-
chrM;6304;6305;18;-
chrM;6305;6306;3;-
chrM;6306;6307;57;-
chrM;6307;6308;31;-
chrM;6308;6309;25;-
chrM;6309;6310;53;-
chrM;6310;6311;41;-
chrM;6311;6312;31;-
chrM;6312;6313;14;-
chrM;6313;6314;6;-
chrM;6315;6316;1;-
chrM;6322;6323;2;-
chrM;6323;6324;1;-
chrM;6324;6325;2;-
chrM;6325;6326;1;-
chrM;6326;6327;3;-
chrM;6327;6328;1;-
chrM;6328;6329;1;-
chrM;6329;6330;2;-
chrM;6330;6331;4;-
chrM;6331;6332;39;-
chrM;6332;6333;49;-
chrM;6333;6334;41;-
chrM;6334;6335;16;-
chrM;6335;6336;1;-
chrM;6337;6338;2;-
chrM;6338;6339;1;-
chrM;6339;6340;5;-
chrM;6340;6341;1;-
chrM;6342;6343;3;-
chrM;6343;6344;4;-
chrM;6344;6345;18;-
chrM;6345;6346;9;-
chrM;6346;6347;10;-
chrM;6347;6348;1;-
chrM;6348;6349;6;-
chrM;6350;6351;3;-
chrM;6351;6352;44;-
chrM;6352;6353;17;-
chrM;6353;6354;7;-
chrM;6388;6389;40;-
chrM;6389;6390;3;-
chrM;6390;6391;1;-
chrM;6391;6392;1;-
chrM;6392;6393;1;-
chrM;6393;6394;5;-
chrM;6394;6395;5;-
chrM;6395;6396;1;-
chrM;6404;6405;5;-
chrM;6405;6406;2;-
chrM;6406;6407;3;-
chrM;6417;6418;5;-
chrM;6418;6419;6;-
chrM;6419;6420;15;-
chrM;6420;6421;53;-
chrM;6421;6422;26;-
chrM;6422;6423;15;-
chrM;6423;6424;26;-
chrM;6424;6425;6;-
chrM;6427;6428;26;-
chrM;6428;6429;29;-
chrM;6429;6430;15;-
chrM;6430;6431;17;-
chrM;6431;6432;3;-
chrM;6432;6433;2;-
chrM;6433;6434;11;-
chrM;6434;6435;6;-
chrM;6435;6436;1;-
chrM;6436;6437;2;-
chrM;6437;6438;8;-
chrM;6438;6439;3;-
chrM;6440;6441;4;-
chrM;6441;6442;10;-
chrM;6442;6443;2;-
chrM;6443;6444;2;-
chrM;6444;6445;25;-
chrM;6445;6446;6;-
chrM;6446;6447;3;-
chrM;6447;6448;27;-
chrM;6448;6449;18;-
chrM;6449;6450;19;-
chrM;6450;6451;20;-
chrM;6451;6452;6;-
chrM;6452;6453;3;-
chrM;6457;6458;5;-
chrM;6458;6459;11;-
chrM;6461;6462;3;-
chrM;6462;6463;1;-
chrM;6463;6464;2;-
chrM;6476;6477;14;-
chrM;6477;6478;9;-
chrM;6478;6479;4;-
chrM;6479;6480;7;-
chrM;6480;6481;14;-
chrM;6481;6482;3;-
chrM;6482;6483;1;-
chrM;6483;6484;2;-
chrM;6484;6485;1;-
chrM;6486;6487;20;-
chrM;6487;6488;59;-
chrM;6488;6489;4;-
chrM;6490;6491;2;-
chrM;6492;6493;7;-
chrM;6493;6494;1;-
chrM;6495;6496;2;-
chrM;6496;6497;7;-
chrM;6497;6498;4;-
chrM;6498;6499;7;-
chrM;6499;6500;1;-
chrM;6507;6508;4;-
chrM;6510;6511;3;-
chrM;6511;6512;4;-
chrM;6512;6513;13;-
chrM;6513;6514;2;-
chrM;6515;6516;2;-
chrM;6542;6543;2;-
chrM;6543;6544;1;-
chrM;6544;6545;7;-
chrM;6545;6546;3;-
chrM;6546;6547;2;-
chrM;6547;6548;6;-
chrM;6548;6549;9;-
chrM;6549;6550;3;-
chrM;6550;6551;6;-
chrM;6551;6552;23;-
chrM;6552;6553;23;-
chrM;6553;6554;5;-
chrM;6554;6555;1;-
chrM;6555;6556;1;-
chrM;6557;6558;3;-
chrM;6558;6559;3;-
chrM;6559;6560;2;-
chrM;6560;6561;9;-
chrM;6561;6562;28;-
chrM;6562;6563;13;-
chrM;6563;6564;7;-
chrM;6564;6565;2;-
chrM;6566;6567;17;-
chrM;6567;6568;88;-
chrM;6568;6569;83;-
chrM;6569;6570;15;-
chrM;6570;6571;20;-
chrM;6571;6572;3;-
chrM;6572;6573;5;-
chrM;6573;6574;7;-
chrM;6578;6579;4;-
chrM;6579;6580;30;-
chrM;6580;6581;9;-
chrM;6581;6582;5;-
chrM;6582;6583;15;-
chrM;6583;6584;2;-
chrM;6584;6585;5;-
chrM;6585;6586;7;-
chrM;6586;6587;2;-
chrM;6589;6590;1;-
chrM;6590;6591;2;-
chrM;6591;6592;2;-
chrM;6592;6593;1;-
chrM;6594;6595;2;-
chrM;6595;6596;2;-
chrM;6596;6597;1;-
chrM;6598;6599;1;-
chrM;6601;6602;1;-
chrM;6602;6603;4;-
chrM;6603;6604;32;-
chrM;6604;6605;20;-
chrM;6605;6606;8;-
chrM;6606;6607;3;-
chrM;6607;6608;5;-
chrM;6609;6610;2;-
chrM;6610;6611;2;-
chrM;6611;6612;1;-
chrM;6612;6613;1;-
chrM;6613;6614;1;-
chrM;6614;6615;2;-
chrM;6620;6621;9;-
chrM;6621;6622;5;-
chrM;6622;6623;1;-
chrM;6624;6625;1;-
chrM;6627;6628;41;-
chrM;6628;6629;5;-
chrM;6629;6630;3;-
chrM;6630;6631;1;-
chrM;6633;6634;8;-
chrM;6634;6635;2;-
chrM;6635;6636;12;-
chrM;6636;6637;15;-
chrM;6637;6638;15;-
chrM;6638;6639;14;-
chrM;6639;6640;17;-
chrM;6640;6641;22;-
chrM;6641;6642;43;-
chrM;6642;6643;6;-
chrM;6644;6645;15;-
chrM;6645;6646;4;-
chrM;6646;6647;2;-
chrM;6647;6648;40;-
chrM;6648;6649;24;-
chrM;6649;6650;21;-
chrM;6650;6651;12;-
chrM;6651;6652;6;-
chrM;6652;6653;2;-
chrM;6653;6654;38;-
chrM;6654;6655;24;-
chrM;6655;6656;20;-
chrM;6656;6657;24;-
chrM;6657;6658;17;-
chrM;6658;6659;10;-
chrM;6659;6660;1;-
chrM;6660;6661;8;-
chrM;6661;6662;36;-
chrM;6662;6663;5;-
chrM;6663;6664;2;-
chrM;6664;6665;2;-
chrM;6665;6666;61;-
chrM;6666;6667;37;-
chrM;6667;6668;24;-
chrM;6668;6669;17;-
chrM;6669;6670;32;-
chrM;6670;6671;24;-
chrM;6671;6672;10;-
chrM;6672;6673;3;-
chrM;6673;6674;8;-
chrM;6674;6675;12;-
chrM;6675;6676;5;-
chrM;6676;6677;1;-
chrM;6677;6678;7;-
chrM;6678;6679;8;-
chrM;6679;6680;29;-
chrM;6680;6681;8;-
chrM;6681;6682;8;-
chrM;6682;6683;7;-
chrM;6683;6684;3;-
chrM;6684;6685;5;-
chrM;6686;6687;3;-
chrM;6687;6688;1;-
chrM;6688;6689;4;-
chrM;6689;6690;5;-
chrM;6691;6692;3;-
chrM;6692;6693;1;-
chrM;6694;6695;5;-
chrM;6695;6696;3;-
chrM;6726;6727;3;-
chrM;6727;6728;4;-
chrM;6728;6729;1;-
chrM;6729;6730;5;-
chrM;6730;6731;2;-
chrM;6732;6733;1;-
chrM;6761;6762;1;-
chrM;6762;6763;2;-
chrM;6763;6764;3;-
chrM;6764;6765;12;-
chrM;6765;6766;5;-
chrM;6766;6767;2;-
chrM;6768;6769;3;-
chrM;6769;6770;1;-
chrM;6776;6777;8;-
chrM;6777;6778;4;-
chrM;6780;6781;1;-
chrM;6781;6782;8;-
chrM;6782;6783;24;-
chrM;6783;6784;3;-
chrM;6785;6786;1;-
chrM;6786;6787;1;-
chrM;6787;6788;10;-
chrM;6788;6789;2;-
chrM;6800;6801;1;-
chrM;6802;6803;1;-
chrM;6805;6806;2;-
chrM;6806;6807;7;-
chrM;6807;6808;5;-
chrM;6808;6809;3;-
chrM;6809;6810;1;-
chrM;6810;6811;3;-
chrM;6811;6812;3;-
chrM;6812;6813;5;-
chrM;6813;6814;7;-
chrM;6814;6815;18;-
chrM;6815;6816;4;-
chrM;6816;6817;6;-
chrM;6817;6818;5;-
chrM;6819;6820;26;-
chrM;6820;6821;15;-
chrM;6821;6822;5;-
chrM;6822;6823;2;-
chrM;6823;6824;33;-
chrM;6824;6825;13;-
chrM;6825;6826;22;-
chrM;6826;6827;5;-
chrM;6827;6828;19;-
chrM;6828;6829;2;-
chrM;6830;6831;2;-
chrM;6831;6832;3;-
chrM;6832;6833;7;-
chrM;6833;6834;13;-
chrM;6834;6835;18;-
chrM;6835;6836;13;-
chrM;6836;6837;3;-
chrM;6838;6839;1;-
chrM;6839;6840;4;-
chrM;6840;6841;17;-
chrM;6841;6842;27;-
chrM;6842;6843;21;-
chrM;6843;6844;4;-
chrM;6844;6845;2;-
chrM;6845;6846;4;-
chrM;6846;6847;4;-
chrM;6847;6848;4;-
chrM;6848;6849;5;-
chrM;6849;6850;2;-
chrM;6850;6851;2;-
chrM;6851;6852;5;-
chrM;6853;6854;1;-
chrM;6854;6855;5;-
chrM;6855;6856;4;-
chrM;6856;6857;4;-
chrM;6857;6858;2;-
chrM;6860;6861;1;-
chrM;6861;6862;4;-
chrM;6862;6863;1;-
chrM;6869;6870;1;-
chrM;6870;6871;3;-
chrM;6871;6872;1;-
chrM;6874;6875;4;-
chrM;6875;6876;4;-
chrM;6878;6879;3;-
chrM;6879;6880;1;-
chrM;6880;6881;1;-
chrM;6883;6884;7;-
chrM;6884;6885;9;-
chrM;6885;6886;1;-
chrM;6887;6888;2;-
chrM;6888;6889;2;-
chrM;6889;6890;6;-
chrM;6890;6891;11;-
chrM;6891;6892;7;-
chrM;6892;6893;4;-
chrM;6899;6900;4;-
chrM;6900;6901;8;-
chrM;6901;6902;4;-
chrM;6904;6905;1;-
chrM;6905;6906;3;-
chrM;6906;6907;1;-
chrM;6907;6908;2;-
chrM;6908;6909;2;-
chrM;6909;6910;2;-
chrM;6910;6911;2;-
chrM;6911;6912;1;-
chrM;6912;6913;1;-
chrM;6915;6916;1;-
chrM;6916;6917;7;-
chrM;6917;6918;3;-
chrM;6921;6922;4;-
chrM;6928;6929;2;-
chrM;6929;6930;1;-
chrM;6956;6957;1;-
chrM;6961;6962;2;-
chrM;6962;6963;4;-
chrM;6966;6967;2;-
chrM;6969;6970;1;-
chrM;6970;6971;3;-
chrM;6971;6972;6;-
chrM;6972;6973;2;-
chrM;6997;6998;2;-
chrM;6999;7000;1;-
chrM;7000;7001;2;-
chrM;7005;7006;2;-
chrM;7007;7008;1;-
chrM;7022;7023;4;-
chrM;7024;7025;4;-
chrM;7026;7027;7;-
chrM;7028;7029;3;-
chrM;7029;7030;3;-
chrM;7030;7031;1;-
chrM;7031;7032;23;-
chrM;7032;7033;35;-
chrM;7033;7034;7;-
chrM;7037;7038;9;-
chrM;7038;7039;7;-
chrM;7039;7040;5;-
chrM;7040;7041;17;-
chrM;7041;7042;4;-
chrM;7042;7043;14;-
chrM;7043;7044;41;-
chrM;7044;7045;64;-
chrM;7045;7046;18;-
chrM;7046;7047;16;-
chrM;7047;7048;6;-
chrM;7048;7049;2;-
chrM;7050;7051;2;-
chrM;7051;7052;29;-
chrM;7052;7053;25;-
chrM;7053;7054;22;-
chrM;7054;7055;5;-
chrM;7057;7058;1;-
chrM;7059;7060;1;-
chrM;7061;7062;8;-
chrM;7062;7063;1;-
chrM;7064;7065;2;-
chrM;7065;7066;5;-
chrM;7066;7067;9;-
chrM;7067;7068;21;-
chrM;7068;7069;2;-
chrM;7070;7071;1;-
chrM;7077;7078;1;-
chrM;7079;7080;12;-
chrM;7080;7081;6;-
chrM;7081;7082;2;-
chrM;7082;7083;1;-
chrM;7083;7084;5;-
chrM;7084;7085;1;-
chrM;7085;7086;2;-
chrM;7086;7087;19;-
chrM;7087;7088;16;-
chrM;7088;7089;19;-
chrM;7089;7090;16;-
chrM;7090;7091;13;-
chrM;7091;7092;6;-
chrM;7092;7093;2;-
chrM;7094;7095;3;-
chrM;7099;7100;1;-
chrM;7100;7101;5;-
chrM;7101;7102;5;-
chrM;7102;7103;1;-
chrM;7104;7105;1;-
chrM;7126;7127;2;-
chrM;7152;7153;4;-
chrM;7153;7154;5;-
chrM;7154;7155;1;-
chrM;7156;7157;2;-
chrM;7157;7158;2;-
chrM;7158;7159;1;-
chrM;7160;7161;2;-
chrM;7161;7162;6;-
chrM;7162;7163;10;-
chrM;7163;7164;10;-
chrM;7164;7165;7;-
chrM;7167;7168;5;-
chrM;7168;7169;3;-
chrM;7169;7170;3;-
chrM;7170;7171;8;-
chrM;7171;7172;5;-
chrM;7172;7173;3;-
chrM;7173;7174;11;-
chrM;7174;7175;2;-
chrM;7175;7176;3;-
chrM;7177;7178;1;-
chrM;7178;7179;4;-
chrM;7179;7180;3;-
chrM;7180;7181;1;-
chrM;7181;7182;9;-
chrM;7182;7183;14;-
chrM;7183;7184;8;-
chrM;7184;7185;8;-
chrM;7185;7186;3;-
chrM;7187;7188;5;-
chrM;7190;7191;2;-
chrM;7193;7194;4;-
chrM;7194;7195;4;-
chrM;7197;7198;2;-
chrM;7198;7199;2;-
chrM;7199;7200;1;-
chrM;7203;7204;2;-
chrM;7204;7205;4;-
chrM;7205;7206;4;-
chrM;7206;7207;4;-
chrM;7207;7208;1;-
chrM;7213;7214;2;-
chrM;7214;7215;16;-
chrM;7215;7216;5;-
chrM;7216;7217;11;-
chrM;7217;7218;12;-
chrM;7218;7219;4;-
chrM;7219;7220;4;-
chrM;7220;7221;4;-
chrM;7222;7223;1;-
chrM;7225;7226;1;-
chrM;7226;7227;9;-
chrM;7227;7228;6;-
chrM;7228;7229;2;-
chrM;7231;7232;1;-
chrM;7232;7233;4;-
chrM;7233;7234;1;-
chrM;7250;7251;6;-
chrM;7252;7253;1;-
chrM;7255;7256;9;-
chrM;7256;7257;5;-
chrM;7259;7260;6;-
chrM;7260;7261;3;-
chrM;7261;7262;1;-
chrM;7273;7274;5;-
chrM;7274;7275;6;-
chrM;7275;7276;3;-
chrM;7276;7277;1;-
chrM;7280;7281;3;-
chrM;7281;7282;1;-
chrM;7282;7283;6;-
chrM;7283;7284;3;-
chrM;7284;7285;3;-
chrM;7285;7286;10;-
chrM;7286;7287;10;-
chrM;7287;7288;27;-
chrM;7288;7289;27;-
chrM;7289;7290;25;-
chrM;7290;7291;2;-
chrM;7292;7293;3;-
chrM;7295;7296;1;-
chrM;7296;7297;4;-
chrM;7297;7298;11;-
chrM;7298;7299;23;-
chrM;7299;7300;7;-
chrM;7304;7305;2;-
chrM;7306;7307;5;-
chrM;7307;7308;14;-
chrM;7308;7309;1;-
chrM;7309;7310;3;-
chrM;7310;7311;23;-
chrM;7311;7312;16;-
chrM;7312;7313;9;-
chrM;7313;7314;8;-
chrM;7314;7315;6;-
chrM;7315;7316;6;-
chrM;7316;7317;8;-
chrM;7317;7318;4;-
chrM;7318;7319;3;-
chrM;7321;7322;5;-
chrM;7322;7323;2;-
chrM;7323;7324;1;-
chrM;7324;7325;8;-
chrM;7325;7326;5;-
chrM;7326;7327;3;-
chrM;7327;7328;8;-
chrM;7328;7329;8;-
chrM;7329;7330;7;-
chrM;7330;7331;6;-
chrM;7331;7332;1;-
chrM;7333;7334;8;-
chrM;7334;7335;7;-
chrM;7335;7336;6;-
chrM;7336;7337;2;-
chrM;7337;7338;1;-
chrM;7341;7342;6;-
chrM;7342;7343;2;-
chrM;7343;7344;6;-
chrM;7344;7345;18;-
chrM;7345;7346;9;-
chrM;7346;7347;2;-
chrM;7349;7350;4;-
chrM;7350;7351;6;-
chrM;7351;7352;4;-
chrM;7352;7353;7;-
chrM;7353;7354;1;-
chrM;7354;7355;2;-
chrM;7355;7356;12;-
chrM;7356;7357;7;-
chrM;7358;7359;4;-
chrM;7359;7360;4;-
chrM;7360;7361;9;-
chrM;7361;7362;1;-
chrM;7363;7364;1;-
chrM;7364;7365;10;-
chrM;7365;7366;22;-
chrM;7366;7367;5;-
chrM;7368;7369;2;-
chrM;7370;7371;1;-
chrM;7371;7372;1;-
chrM;7384;7385;1;-
chrM;7385;7386;1;-
chrM;7387;7388;7;-
chrM;7388;7389;11;-
chrM;7389;7390;12;-
chrM;7390;7391;7;-
chrM;7391;7392;8;-
chrM;7392;7393;3;-
chrM;7394;7395;1;-
chrM;7395;7396;1;-
chrM;7397;7398;4;-
chrM;7398;7399;6;-
chrM;7399;7400;5;-
chrM;7400;7401;20;-
chrM;7401;7402;31;-
chrM;7402;7403;7;-
chrM;7403;7404;1;-
chrM;7405;7406;1;-
chrM;7408;7409;1;-
chrM;7409;7410;9;-
chrM;7410;7411;12;-
chrM;7411;7412;15;-
chrM;7412;7413;9;-
chrM;7413;7414;3;-
chrM;7414;7415;3;-
chrM;7415;7416;20;-
chrM;7416;7417;3;-
chrM;7417;7418;1;-
chrM;7418;7419;7;-
chrM;7422;7423;1;-
chrM;7424;7425;1;-
chrM;7425;7426;6;-
chrM;7426;7427;3;-
chrM;7428;7429;1;-
chrM;7429;7430;1;-
chrM;7430;7431;3;-
chrM;7431;7432;8;-
chrM;7432;7433;8;-
chrM;7433;7434;7;-
chrM;7434;7435;2;-
chrM;7435;7436;4;-
chrM;7436;7437;6;-
chrM;7437;7438;6;-
chrM;7440;7441;5;-
chrM;7441;7442;8;-
chrM;7442;7443;28;-
chrM;7443;7444;8;-
chrM;7448;7449;8;-
chrM;7449;7450;1;-
chrM;7451;7452;4;-
chrM;7452;7453;1;-
chrM;7454;7455;3;-
chrM;7455;7456;23;-
chrM;7456;7457;7;-
chrM;7457;7458;1;-
chrM;7460;7461;18;-
chrM;7461;7462;4;-
chrM;7462;7463;2;-
chrM;7463;7464;1;-
chrM;7486;7487;5;-
chrM;7488;7489;3;-
chrM;7489;7490;1;-
chrM;7490;7491;33;-
chrM;7491;7492;22;-
chrM;7492;7493;17;-
chrM;7493;7494;5;-
chrM;7495;7496;10;-
chrM;7496;7497;2;-
chrM;7497;7498;1;-
chrM;7498;7499;5;-
chrM;7499;7500;2;-
chrM;7500;7501;2;-
chrM;7501;7502;3;-
chrM;7502;7503;14;-
chrM;7503;7504;3;-
chrM;7504;7505;1;-
chrM;7505;7506;10;-
chrM;7506;7507;14;-
chrM;7507;7508;17;-
chrM;7508;7509;7;-
chrM;7509;7510;2;-
chrM;7510;7511;32;-
chrM;7511;7512;19;-
chrM;7512;7513;6;-
chrM;7513;7514;1;-
chrM;7514;7515;43;-
chrM;7515;7516;6;-
chrM;7518;7519;2;-
chrM;7519;7520;2;-
chrM;7521;7522;1;-
chrM;7523;7524;1;-
chrM;7524;7525;2;-
chrM;7525;7526;1;-
chrM;7526;7527;4;-
chrM;7527;7528;12;-
chrM;7528;7529;5;-
chrM;7529;7530;7;-
chrM;7530;7531;17;-
chrM;7531;7532;8;-
chrM;7532;7533;6;-
chrM;7533;7534;2;-
chrM;7534;7535;1;-
chrM;7535;7536;29;-
chrM;7536;7537;24;-
chrM;7537;7538;54;-
chrM;7538;7539;55;-
chrM;7539;7540;22;-
chrM;7540;7541;10;-
chrM;7541;7542;18;-
chrM;7542;7543;15;-
chrM;7543;7544;6;-
chrM;7544;7545;6;-
chrM;7547;7548;1;-
chrM;7548;7549;1;-
chrM;7549;7550;1;-
chrM;7550;7551;1;-
chrM;7551;7552;10;-
chrM;7552;7553;4;-
chrM;7553;7554;10;-
chrM;7554;7555;7;-
chrM;7555;7556;4;-
chrM;7556;7557;2;-
chrM;7557;7558;4;-
chrM;7558;7559;7;-
chrM;7559;7560;14;-
chrM;7560;7561;4;-
chrM;7563;7564;7;-
chrM;7564;7565;8;-
chrM;7565;7566;1;-
chrM;7566;7567;3;-
chrM;7567;7568;3;-
chrM;7568;7569;2;-
chrM;7569;7570;1;-
chrM;7570;7571;3;-
chrM;7571;7572;16;-
chrM;7572;7573;34;-
chrM;7573;7574;31;-
chrM;7574;7575;16;-
chrM;7575;7576;3;-
chrM;7576;7577;2;-
chrM;7577;7578;10;-
chrM;7578;7579;4;-
chrM;7580;7581;1;-
chrM;7583;7584;1;-
chrM;7585;7586;4;-
chrM;7586;7587;3;-
chrM;7588;7589;6;-
chrM;7589;7590;21;-
chrM;7590;7591;57;-
chrM;7591;7592;33;-
chrM;7592;7593;5;-
chrM;7593;7594;3;-
chrM;7594;7595;1;-
chrM;7595;7596;3;-
chrM;7596;7597;2;-
chrM;7597;7598;18;-
chrM;7599;7600;2;-
chrM;7603;7604;2;-
chrM;7605;7606;1;-
chrM;7608;7609;4;-
chrM;7609;7610;24;-
chrM;7610;7611;16;-
chrM;7611;7612;13;-
chrM;7620;7621;16;-
chrM;7621;7622;3;-
chrM;7623;7624;6;-
chrM;7624;7625;5;-
chrM;7625;7626;1;-
chrM;7626;7627;1;-
chrM;7627;7628;1;-
chrM;7629;7630;7;-
chrM;7630;7631;25;-
chrM;7631;7632;35;-
chrM;7632;7633;33;-
chrM;7633;7634;31;-
chrM;7634;7635;14;-
chrM;7635;7636;1;-
chrM;7637;7638;2;-
chrM;7638;7639;13;-
chrM;7639;7640;1;-
chrM;7647;7648;1;-
chrM;7648;7649;13;-
chrM;7649;7650;19;-
chrM;7650;7651;1;-
chrM;7653;7654;16;-
chrM;7654;7655;12;-
chrM;7655;7656;6;-
chrM;7656;7657;1;-
chrM;7657;7658;1;-
chrM;7658;7659;1;-
chrM;7660;7661;1;-
chrM;7666;7667;3;-
chrM;7669;7670;1;-
chrM;7674;7675;3;-
chrM;7675;7676;7;-
chrM;7677;7678;1;-
chrM;7678;7679;3;-
chrM;7679;7680;9;-
chrM;7680;7681;18;-
chrM;7681;7682;7;-
chrM;7683;7684;1;-
chrM;7685;7686;3;-
chrM;7714;7715;1;-
chrM;7715;7716;4;-
chrM;7716;7717;7;-
chrM;7717;7718;1;-
chrM;7719;7720;1;-
chrM;7720;7721;2;-
chrM;7721;7722;5;-
chrM;7722;7723;5;-
chrM;7727;7728;7;-
chrM;7728;7729;13;-
chrM;7729;7730;2;-
chrM;7744;7745;7;-
chrM;7745;7746;1;-
chrM;7748;7749;1;-
chrM;7749;7750;1;-
chrM;7751;7752;1;-
chrM;7752;7753;4;-
chrM;7753;7754;1;-
chrM;7754;7755;16;-
chrM;7755;7756;14;-
chrM;7756;7757;2;-
chrM;7757;7758;2;-
chrM;7758;7759;5;-
chrM;7759;7760;9;-
chrM;7761;7762;5;-
chrM;7764;7765;1;-
chrM;7765;7766;10;-
chrM;7766;7767;12;-
chrM;7767;7768;10;-
chrM;7768;7769;6;-
chrM;7769;7770;2;-
chrM;7770;7771;4;-
chrM;7772;7773;4;-
chrM;7773;7774;1;-
chrM;7774;7775;2;-
chrM;7775;7776;17;-
chrM;7776;7777;7;-
chrM;7779;7780;8;-
chrM;7780;7781;7;-
chrM;7781;7782;2;-
chrM;7783;7784;4;-
chrM;7784;7785;2;-
chrM;7785;7786;5;-
chrM;7786;7787;2;-
chrM;7788;7789;1;-
chrM;7794;7795;1;-
chrM;7795;7796;1;-
chrM;7796;7797;3;-
chrM;7797;7798;3;-
chrM;7804;7805;1;-
chrM;7814;7815;1;-
chrM;7852;7853;5;-
chrM;7853;7854;13;-
chrM;7854;7855;3;-
chrM;7855;7856;1;-
chrM;7856;7857;1;-
chrM;7857;7858;2;-
chrM;7858;7859;3;-
chrM;7861;7862;1;-
chrM;7862;7863;21;-
chrM;7863;7864;17;-
chrM;7864;7865;11;-
chrM;7865;7866;11;-
chrM;7866;7867;7;-
chrM;7867;7868;26;-
chrM;7868;7869;68;-
chrM;7869;7870;18;-
chrM;7870;7871;14;-
chrM;7871;7872;6;-
chrM;7872;7873;4;-
chrM;7873;7874;8;-
chrM;7875;7876;1;-
chrM;7876;7877;30;-
chrM;7877;7878;25;-
chrM;7878;7879;22;-
chrM;7879;7880;7;-
chrM;7880;7881;2;-
chrM;7881;7882;1;-
chrM;7882;7883;1;-
chrM;7884;7885;1;-
chrM;7885;7886;13;-
chrM;7886;7887;23;-
chrM;7887;7888;8;-
chrM;7889;7890;4;-
chrM;7890;7891;22;-
chrM;7891;7892;6;-
chrM;7892;7893;7;-
chrM;7893;7894;17;-
chrM;7894;7895;5;-
chrM;7895;7896;16;-
chrM;7896;7897;8;-
chrM;7897;7898;1;-
chrM;7900;7901;5;-
chrM;7901;7902;7;-
chrM;7902;7903;2;-
chrM;7905;7906;2;-
chrM;7908;7909;6;-
chrM;7909;7910;4;-
chrM;7910;7911;28;-
chrM;7911;7912;17;-
chrM;7912;7913;5;-
chrM;7914;7915;9;-
chrM;7915;7916;47;-
chrM;7916;7917;9;-
chrM;7917;7918;7;-
chrM;7918;7919;2;-
chrM;7921;7922;1;-
chrM;7922;7923;2;-
chrM;7925;7926;4;-
chrM;7926;7927;1;-
chrM;7927;7928;3;-
chrM;7928;7929;1;-
chrM;7929;7930;6;-
chrM;7930;7931;5;-
chrM;7931;7932;2;-
chrM;7937;7938;2;-
chrM;7942;7943;11;-
chrM;7943;7944;16;-
chrM;7944;7945;21;-
chrM;7945;7946;2;-
chrM;7946;7947;3;-
chrM;7947;7948;7;-
chrM;7948;7949;2;-
chrM;7950;7951;3;-
chrM;7961;7962;4;-
chrM;7963;7964;1;-
chrM;7966;7967;2;-
chrM;7968;7969;2;-
chrM;7969;7970;17;-
chrM;7970;7971;6;-
chrM;7971;7972;2;-
chrM;7975;7976;13;-
chrM;7976;7977;9;-
chrM;7977;7978;4;-
chrM;7978;7979;1;-
chrM;7979;7980;1;-
chrM;7980;7981;2;-
chrM;7981;7982;7;-
chrM;7982;7983;3;-
chrM;7983;7984;2;-
chrM;7984;7985;1;-
chrM;7985;7986;2;-
chrM;7986;7987;3;-
chrM;7987;7988;12;-
chrM;7988;7989;9;-
chrM;7989;7990;2;-
chrM;7990;7991;8;-
chrM;7992;7993;1;-
chrM;7993;7994;4;-
chrM;7994;7995;1;-
chrM;7997;7998;2;-
chrM;8023;8024;6;-
chrM;8024;8025;1;-
chrM;8026;8027;1;-
chrM;8027;8028;2;-
chrM;8029;8030;2;-
chrM;8030;8031;19;-
chrM;8031;8032;34;-
chrM;8032;8033;24;-
chrM;8033;8034;5;-
chrM;8034;8035;1;-
chrM;8035;8036;1;-
chrM;8036;8037;1;-
chrM;8037;8038;1;-
chrM;8038;8039;3;-
chrM;8039;8040;5;-
chrM;8040;8041;4;-
chrM;8041;8042;5;-
chrM;8042;8043;2;-
chrM;8043;8044;6;-
chrM;8044;8045;12;-
chrM;8045;8046;18;-
chrM;8046;8047;13;-
chrM;8048;8049;1;-
chrM;8050;8051;13;-
chrM;8051;8052;2;-
chrM;8054;8055;1;-
chrM;8055;8056;2;-
chrM;8058;8059;4;-
chrM;8059;8060;44;-
chrM;8060;8061;9;-
chrM;8061;8062;1;-
chrM;8062;8063;3;-
chrM;8063;8064;4;-
chrM;8064;8065;14;-
chrM;8065;8066;3;-
chrM;8066;8067;3;-
chrM;8068;8069;14;-
chrM;8071;8072;6;-
chrM;8073;8074;1;-
chrM;8077;8078;2;-
chrM;8079;8080;1;-
chrM;8081;8082;2;-
chrM;8082;8083;1;-
chrM;8092;8093;1;-
chrM;8096;8097;1;-
chrM;8097;8098;10;-
chrM;8098;8099;11;-
chrM;8099;8100;5;-
chrM;8101;8102;1;-
chrM;8104;8105;9;-
chrM;8105;8106;17;-
chrM;8106;8107;8;-
chrM;8107;8108;4;-
chrM;8108;8109;2;-
chrM;8109;8110;12;-
chrM;8110;8111;12;-
chrM;8111;8112;13;-
chrM;8112;8113;8;-
chrM;8113;8114;1;-
chrM;8115;8116;1;-
chrM;8116;8117;4;-
chrM;8117;8118;4;-
chrM;8118;8119;4;-
chrM;8119;8120;8;-
chrM;8120;8121;4;-
chrM;8121;8122;4;-
chrM;8122;8123;2;-
chrM;8123;8124;4;-
chrM;8124;8125;1;-
chrM;8126;8127;2;-
chrM;8127;8128;6;-
chrM;8128;8129;2;-
chrM;8129;8130;2;-
chrM;8130;8131;5;-
chrM;8131;8132;24;-
chrM;8132;8133;6;-
chrM;8133;8134;1;-
chrM;8136;8137;1;-
chrM;8140;8141;1;-
chrM;8141;8142;4;-
chrM;8142;8143;1;-
chrM;8144;8145;1;-
chrM;8147;8148;6;-
chrM;8173;8174;1;-
chrM;8175;8176;1;-
chrM;8177;8178;1;-
chrM;8178;8179;1;-
chrM;8179;8180;20;-
chrM;8180;8181;2;-
chrM;8181;8182;3;-
chrM;8182;8183;2;-
chrM;8183;8184;1;-
chrM;8185;8186;1;-
chrM;8187;8188;2;-
chrM;8188;8189;20;-
chrM;8189;8190;12;-
chrM;8190;8191;13;-
chrM;8191;8192;9;-
chrM;8192;8193;7;-
chrM;8193;8194;2;-
chrM;8194;8195;1;-
chrM;8195;8196;7;-
chrM;8196;8197;7;-
chrM;8197;8198;2;-
chrM;8205;8206;7;-
chrM;8206;8207;3;-
chrM;8207;8208;27;-
chrM;8208;8209;4;-
chrM;8209;8210;1;-
chrM;8210;8211;31;-
chrM;8211;8212;26;-
chrM;8212;8213;24;-
chrM;8213;8214;5;-
chrM;8214;8215;3;-
chrM;8215;8216;2;-
chrM;8216;8217;1;-
chrM;8218;8219;1;-
chrM;8220;8221;11;-
chrM;8221;8222;9;-
chrM;8222;8223;3;-
chrM;8228;8229;2;-
chrM;8230;8231;4;-
chrM;8231;8232;2;-
chrM;8232;8233;1;-
chrM;8234;8235;1;-
chrM;8235;8236;3;-
chrM;8236;8237;14;-
chrM;8237;8238;13;-
chrM;8238;8239;4;-
chrM;8239;8240;1;-
chrM;8243;8244;15;-
chrM;8244;8245;7;-
chrM;8245;8246;11;-
chrM;8246;8247;3;-
chrM;8249;8250;1;-
chrM;8250;8251;5;-
chrM;8251;8252;10;-
chrM;8252;8253;7;-
chrM;8253;8254;6;-
chrM;8254;8255;8;-
chrM;8255;8256;14;-
chrM;8256;8257;12;-
chrM;8257;8258;5;-
chrM;8258;8259;4;-
chrM;8259;8260;6;-
chrM;8260;8261;24;-
chrM;8261;8262;5;-
chrM;8267;8268;7;-
chrM;8268;8269;12;-
chrM;8269;8270;33;-
chrM;8270;8271;14;-
chrM;8271;8272;7;-
chrM;8272;8273;1;-
chrM;8274;8275;3;-
chrM;8275;8276;31;-
chrM;8276;8277;26;-
chrM;8277;8278;27;-
chrM;8278;8279;13;-
chrM;8279;8280;5;-
chrM;8280;8281;10;-
chrM;8281;8282;1;-
chrM;8284;8285;3;-
chrM;8290;8291;1;-
chrM;8292;8293;1;-
chrM;8293;8294;2;-
chrM;8294;8295;2;-
chrM;8295;8296;11;-
chrM;8296;8297;9;-
chrM;8298;8299;3;-
chrM;8299;8300;27;-
chrM;8300;8301;59;-
chrM;8301;8302;51;-
chrM;8302;8303;19;-
chrM;8303;8304;10;-
chrM;8304;8305;13;-
chrM;8307;8308;2;-
chrM;8308;8309;50;-
chrM;8309;8310;19;-
chrM;8311;8312;2;-
chrM;8312;8313;58;-
chrM;8313;8314;32;-
chrM;8314;8315;16;-
chrM;8315;8316;3;-
chrM;8317;8318;6;-
chrM;8318;8319;2;-
chrM;8321;8322;1;-
chrM;8323;8324;3;-
chrM;8324;8325;19;-
chrM;8325;8326;3;-
chrM;8326;8327;2;-
chrM;8330;8331;3;-
chrM;8331;8332;23;-
chrM;8332;8333;11;-
chrM;8333;8334;3;-
chrM;8335;8336;6;-
chrM;8336;8337;1;-
chrM;8337;8338;1;-
chrM;8338;8339;1;-
chrM;8339;8340;23;-
chrM;8340;8341;6;-
chrM;8341;8342;2;-
chrM;8344;8345;2;-
chrM;8345;8346;4;-
chrM;8372;8373;1;-
chrM;8385;8386;2;-
chrM;8386;8387;14;-
chrM;8387;8388;3;-
chrM;8388;8389;5;-
chrM;8393;8394;7;-
chrM;8394;8395;9;-
chrM;8395;8396;7;-
chrM;8396;8397;1;-
chrM;8398;8399;39;-
chrM;8399;8400;66;-
chrM;8400;8401;41;-
chrM;8401;8402;17;-
chrM;8402;8403;3;-
chrM;8403;8404;1;-
chrM;8405;8406;8;-
chrM;8406;8407;11;-
chrM;8407;8408;12;-
chrM;8408;8409;13;-
chrM;8409;8410;4;-
chrM;8411;8412;1;-
chrM;8412;8413;2;-
chrM;8413;8414;4;-
chrM;8414;8415;1;-
chrM;8417;8418;7;-
chrM;8418;8419;5;-
chrM;8419;8420;12;-
chrM;8420;8421;20;-
chrM;8421;8422;20;-
chrM;8422;8423;24;-
chrM;8423;8424;6;-
chrM;8424;8425;3;-
chrM;8425;8426;2;-
chrM;8426;8427;1;-
chrM;8427;8428;1;-
chrM;8431;8432;2;-
chrM;8433;8434;1;-
chrM;8437;8438;5;-
chrM;8438;8439;3;-
chrM;8439;8440;10;-
chrM;8440;8441;10;-
chrM;8441;8442;4;-
chrM;8445;8446;2;-
chrM;8446;8447;28;-
chrM;8447;8448;18;-
chrM;8448;8449;6;-
chrM;8449;8450;7;-
chrM;8450;8451;1;-
chrM;8452;8453;1;-
chrM;8453;8454;3;-
chrM;8456;8457;2;-
chrM;8458;8459;1;-
chrM;8461;8462;5;-
chrM;8462;8463;2;-
chrM;8467;8468;1;-
chrM;8481;8482;8;-
chrM;8482;8483;9;-
chrM;8483;8484;4;-
chrM;8484;8485;9;-
chrM;8485;8486;3;-
chrM;8486;8487;3;-
chrM;8487;8488;6;-
chrM;8488;8489;5;-
chrM;8489;8490;12;-
chrM;8491;8492;2;-
chrM;8492;8493;5;-
chrM;8493;8494;2;-
chrM;8494;8495;1;-
chrM;8495;8496;1;-
chrM;8498;8499;5;-
chrM;8532;8533;1;-
chrM;8533;8534;1;-
chrM;8536;8537;14;-
chrM;8538;8539;18;-
chrM;8539;8540;16;-
chrM;8540;8541;3;-
chrM;8541;8542;1;-
chrM;8542;8543;12;-
chrM;8543;8544;4;-
chrM;8544;8545;2;-
chrM;8555;8556;1;-
chrM;8556;8557;6;-
chrM;8557;8558;1;-
chrM;8558;8559;2;-
chrM;8559;8560;9;-
chrM;8560;8561;13;-
chrM;8561;8562;1;-
chrM;8565;8566;1;-
chrM;8567;8568;13;-
chrM;8568;8569;4;-
chrM;8569;8570;24;-
chrM;8570;8571;5;-
chrM;8571;8572;1;-
chrM;8572;8573;23;-
chrM;8573;8574;4;-
chrM;8574;8575;1;-
chrM;8575;8576;8;-
chrM;8576;8577;1;-
chrM;8579;8580;2;-
chrM;8580;8581;4;-
chrM;8581;8582;3;-
chrM;8582;8583;2;-
chrM;8587;8588;2;-
chrM;8588;8589;2;-
chrM;8589;8590;1;-
chrM;8590;8591;6;-
chrM;8591;8592;2;-
chrM;8592;8593;4;-
chrM;8593;8594;2;-
chrM;8594;8595;7;-
chrM;8595;8596;1;-
chrM;8600;8601;5;-
chrM;8601;8602;5;-
chrM;8602;8603;5;-
chrM;8604;8605;3;-
chrM;8605;8606;3;-
chrM;8606;8607;2;-
chrM;8607;8608;14;-
chrM;8608;8609;11;-
chrM;8609;8610;6;-
chrM;8610;8611;10;-
chrM;8611;8612;14;-
chrM;8612;8613;14;-
chrM;8613;8614;10;-
chrM;8614;8615;3;-
chrM;8617;8618;2;-
chrM;8618;8619;2;-
chrM;8619;8620;6;-
chrM;8620;8621;23;-
chrM;8621;8622;16;-
chrM;8622;8623;6;-
chrM;8623;8624;15;-
chrM;8624;8625;9;-
chrM;8625;8626;1;-
chrM;8627;8628;4;-
chrM;8629;8630;4;-
chrM;8630;8631;9;-
chrM;8631;8632;3;-
chrM;8632;8633;1;-
chrM;8633;8634;1;-
chrM;8634;8635;6;-
chrM;8637;8638;1;-
chrM;8641;8642;6;-
chrM;8642;8643;8;-
chrM;8643;8644;3;-
chrM;8644;8645;8;-
chrM;8645;8646;5;-
chrM;8646;8647;1;-
chrM;8647;8648;5;-
chrM;8648;8649;8;-
chrM;8649;8650;5;-
chrM;8650;8651;2;-
chrM;8651;8652;14;-
chrM;8652;8653;7;-
chrM;8653;8654;5;-
chrM;8654;8655;1;-
chrM;8655;8656;2;-
chrM;8657;8658;1;-
chrM;8658;8659;2;-
chrM;8659;8660;4;-
chrM;8660;8661;4;-
chrM;8661;8662;22;-
chrM;8662;8663;32;-
chrM;8663;8664;18;-
chrM;8664;8665;7;-
chrM;8665;8666;5;-
chrM;8666;8667;3;-
chrM;8667;8668;1;-
chrM;8668;8669;1;-
chrM;8670;8671;1;-
chrM;8671;8672;4;-
chrM;8672;8673;29;-
chrM;8673;8674;36;-
chrM;8674;8675;25;-
chrM;8675;8676;9;-
chrM;8676;8677;18;-
chrM;8677;8678;5;-
chrM;8678;8679;2;-
chrM;8679;8680;49;-
chrM;8680;8681;12;-
chrM;8682;8683;4;-
chrM;8683;8684;5;-
chrM;8689;8690;2;-
chrM;8690;8691;9;-
chrM;8691;8692;19;-
chrM;8692;8693;12;-
chrM;8693;8694;3;-
chrM;8694;8695;1;-
chrM;8695;8696;1;-
chrM;8696;8697;1;-
chrM;8697;8698;19;-
chrM;8698;8699;5;-
chrM;8700;8701;2;-
chrM;8703;8704;3;-
chrM;8704;8705;2;-
chrM;8705;8706;6;-
chrM;8706;8707;2;-
chrM;8730;8731;3;-
chrM;8731;8732;1;-
chrM;8736;8737;43;-
chrM;8737;8738;21;-
chrM;8738;8739;2;-
chrM;8739;8740;70;-
chrM;8740;8741;179;-
chrM;8741;8742;86;-
chrM;8742;8743;33;-
chrM;8743;8744;4;-
chrM;8744;8745;4;-
chrM;8745;8746;21;-
chrM;8746;8747;3;-
chrM;8747;8748;7;-
chrM;8748;8749;63;-
chrM;8749;8750;68;-
chrM;8750;8751;23;-
chrM;8751;8752;14;-
chrM;8752;8753;10;-
chrM;8753;8754;3;-
chrM;8755;8756;1;-
chrM;8756;8757;4;-
chrM;8757;8758;60;-
chrM;8758;8759;32;-
chrM;8759;8760;10;-
chrM;8760;8761;36;-
chrM;8761;8762;30;-
chrM;8762;8763;3;-
chrM;8763;8764;5;-
chrM;8764;8765;1;-
chrM;8766;8767;1;-
chrM;8769;8770;1;-
chrM;8770;8771;5;-
chrM;8771;8772;1;-
chrM;8772;8773;3;-
chrM;8773;8774;2;-
chrM;8774;8775;9;-
chrM;8775;8776;5;-
chrM;8776;8777;2;-
chrM;8777;8778;11;-
chrM;8778;8779;19;-
chrM;8779;8780;28;-
chrM;8780;8781;25;-
chrM;8781;8782;11;-
chrM;8782;8783;4;-
chrM;8783;8784;12;-
chrM;8784;8785;32;-
chrM;8785;8786;13;-
chrM;8786;8787;1;-
chrM;8787;8788;1;-
chrM;8788;8789;1;-
chrM;8789;8790;1;-
chrM;8790;8791;21;-
chrM;8791;8792;104;-
chrM;8792;8793;63;-
chrM;8793;8794;10;-
chrM;8794;8795;8;-
chrM;8795;8796;8;-
chrM;8796;8797;19;-
chrM;8797;8798;9;-
chrM;8798;8799;1;-
chrM;8800;8801;5;-
chrM;8801;8802;12;-
chrM;8802;8803;10;-
chrM;8803;8804;6;-
chrM;8804;8805;103;-
chrM;8805;8806;45;-
chrM;8806;8807;24;-
chrM;8807;8808;47;-
chrM;8808;8809;62;-
chrM;8809;8810;28;-
chrM;8810;8811;20;-
chrM;8811;8812;25;-
chrM;8812;8813;31;-
chrM;8813;8814;61;-
chrM;8814;8815;32;-
chrM;8815;8816;47;-
chrM;8816;8817;44;-
chrM;8817;8818;29;-
chrM;8818;8819;65;-
chrM;8819;8820;14;-
chrM;8820;8821;5;-
chrM;8821;8822;128;-
chrM;8822;8823;18;-
chrM;8824;8825;1;-
chrM;8825;8826;4;-
chrM;8826;8827;19;-
chrM;8827;8828;10;-
chrM;8828;8829;2;-
chrM;8829;8830;22;-
chrM;8830;8831;4;-
chrM;8831;8832;1;-
chrM;8834;8835;1;-
chrM;8835;8836;6;-
chrM;8836;8837;5;-
chrM;8837;8838;2;-
chrM;8838;8839;6;-
chrM;8840;8841;9;-
chrM;8841;8842;55;-
chrM;8842;8843;30;-
chrM;8843;8844;20;-
chrM;8846;8847;1;-
chrM;8847;8848;17;-
chrM;8848;8849;24;-
chrM;8849;8850;2;-
chrM;8850;8851;1;-
chrM;8851;8852;1;-
chrM;8856;8857;2;-
chrM;8857;8858;5;-
chrM;8858;8859;1;-
chrM;8876;8877;1;-
chrM;8877;8878;2;-
chrM;8905;8906;1;-
chrM;8906;8907;2;-
chrM;8907;8908;3;-
chrM;8908;8909;1;-
chrM;8920;8921;16;-
chrM;8921;8922;52;-
chrM;8927;8928;28;-
chrM;8928;8929;18;-
chrM;8929;8930;11;-
chrM;8930;8931;13;-
chrM;8931;8932;11;-
chrM;8932;8933;6;-
chrM;8933;8934;4;-
chrM;8934;8935;6;-
chrM;8935;8936;2;-
chrM;8937;8938;2;-
chrM;8938;8939;4;-
chrM;8939;8940;3;-
chrM;8940;8941;48;-
chrM;8941;8942;8;-
chrM;8942;8943;12;-
chrM;8943;8944;30;-
chrM;8944;8945;9;-
chrM;8945;8946;6;-
chrM;8946;8947;4;-
chrM;8947;8948;11;-
chrM;8948;8949;66;-
chrM;8949;8950;22;-
chrM;8950;8951;12;-
chrM;8951;8952;74;-
chrM;8952;8953;46;-
chrM;8953;8954;32;-
chrM;8954;8955;21;-
chrM;8955;8956;8;-
chrM;8956;8957;129;-
chrM;8957;8958;35;-
chrM;8958;8959;10;-
chrM;8959;8960;5;-
chrM;8960;8961;25;-
chrM;8961;8962;79;-
chrM;8962;8963;17;-
chrM;8963;8964;2;-
chrM;8964;8965;2;-
chrM;8968;8969;6;-
chrM;8969;8970;67;-
chrM;8970;8971;52;-
chrM;8971;8972;15;-
chrM;8972;8973;35;-
chrM;8973;8974;19;-
chrM;8974;8975;4;-
chrM;8976;8977;2;-
chrM;8977;8978;10;-
chrM;8978;8979;10;-
chrM;8979;8980;10;-
chrM;8980;8981;35;-
chrM;8981;8982;14;-
chrM;8982;8983;17;-
chrM;8983;8984;6;-
chrM;8984;8985;14;-
chrM;8985;8986;57;-
chrM;8986;8987;14;-
chrM;8987;8988;3;-
chrM;8988;8989;11;-
chrM;8989;8990;3;-
chrM;8990;8991;1;-
chrM;8991;8992;80;-
chrM;8992;8993;73;-
chrM;8993;8994;32;-
chrM;8994;8995;42;-
chrM;8995;8996;6;-
chrM;8996;8997;1;-
chrM;8997;8998;19;-
chrM;8998;8999;3;-
chrM;9004;9005;5;-
chrM;9005;9006;1;-
chrM;9007;9008;5;-
chrM;9008;9009;16;-
chrM;9009;9010;21;-
chrM;9010;9011;4;-
chrM;9012;9013;20;-
chrM;9013;9014;9;-
chrM;9022;9023;1;-
chrM;9024;9025;64;-
chrM;9025;9026;10;-
chrM;9026;9027;7;-
chrM;9027;9028;5;-
chrM;9028;9029;6;-
chrM;9035;9036;1;-
chrM;9036;9037;4;-
chrM;9038;9039;33;-
chrM;9039;9040;14;-
chrM;9040;9041;6;-
chrM;9043;9044;9;-
chrM;9044;9045;3;-
chrM;9045;9046;6;-
chrM;9048;9049;2;-
chrM;9050;9051;3;-
chrM;9051;9052;8;-
chrM;9052;9053;95;-
chrM;9053;9054;42;-
chrM;9054;9055;24;-
chrM;9055;9056;11;-
chrM;9058;9059;9;-
chrM;9059;9060;4;-
chrM;9060;9061;40;-
chrM;9061;9062;12;-
chrM;9062;9063;7;-
chrM;9063;9064;13;-
chrM;9064;9065;15;-
chrM;9065;9066;2;-
chrM;9067;9068;2;-
chrM;9068;9069;1;-
chrM;9069;9070;14;-
chrM;9070;9071;34;-
chrM;9071;9072;39;-
chrM;9072;9073;11;-
chrM;9073;9074;2;-
chrM;9074;9075;5;-
chrM;9075;9076;10;-
chrM;9076;9077;39;-
chrM;9077;9078;32;-
chrM;9078;9079;26;-
chrM;9079;9080;4;-
chrM;9080;9081;1;-
chrM;9082;9083;1;-
chrM;9084;9085;7;-
chrM;9085;9086;14;-
chrM;9086;9087;15;-
chrM;9087;9088;23;-
chrM;9088;9089;19;-
chrM;9089;9090;19;-
chrM;9090;9091;95;-
chrM;9091;9092;14;-
chrM;9092;9093;4;-
chrM;9093;9094;69;-
chrM;9094;9095;5;-
chrM;9095;9096;1;-
chrM;9096;9097;11;-
chrM;9097;9098;3;-
chrM;9100;9101;8;-
chrM;9101;9102;9;-
chrM;9102;9103;1;-
chrM;9103;9104;1;-
chrM;9107;9108;1;-
chrM;9108;9109;13;-
chrM;9109;9110;1;-
chrM;9110;9111;12;-
chrM;9113;9114;10;-
chrM;9114;9115;5;-
chrM;9115;9116;2;-
chrM;9120;9121;13;-
chrM;9126;9127;18;-
chrM;9127;9128;5;-
chrM;9128;9129;4;-
chrM;9129;9130;31;-
chrM;9130;9131;5;-
chrM;9131;9132;3;-
chrM;9132;9133;57;-
chrM;9133;9134;12;-
chrM;9134;9135;3;-
chrM;9135;9136;8;-
chrM;9136;9137;8;-
chrM;9137;9138;1;-
chrM;9139;9140;5;-
chrM;9140;9141;69;-
chrM;9141;9142;24;-
chrM;9142;9143;9;-
chrM;9146;9147;6;-
chrM;9147;9148;3;-
chrM;9148;9149;1;-
chrM;9149;9150;2;-
chrM;9150;9151;11;-
chrM;9151;9152;23;-
chrM;9152;9153;4;-
chrM;9155;9156;4;-
chrM;9157;9158;2;-
chrM;9158;9159;5;-
chrM;9159;9160;1;-
chrM;9160;9161;1;-
chrM;9161;9162;1;-
chrM;9162;9163;3;-
chrM;9163;9164;2;-
chrM;9171;9172;12;-
chrM;9172;9173;5;-
chrM;9173;9174;7;-
chrM;9174;9175;26;-
chrM;9210;9211;1;-
chrM;9215;9216;9;-
chrM;9216;9217;6;-
chrM;9217;9218;13;-
chrM;9218;9219;5;-
chrM;9219;9220;5;-
chrM;9220;9221;3;-
chrM;9221;9222;1;-
chrM;9222;9223;13;-
chrM;9223;9224;14;-
chrM;9224;9225;4;-
chrM;9225;9226;8;-
chrM;9226;9227;2;-
chrM;9229;9230;1;-
chrM;9234;9235;18;-
chrM;9237;9238;1;-
chrM;9242;9243;5;-
chrM;9243;9244;1;-
chrM;9244;9245;1;-
chrM;9248;9249;3;-
chrM;9270;9271;4;-
chrM;9271;9272;2;-
chrM;9279;9280;8;-
chrM;9280;9281;21;-
chrM;9281;9282;15;-
chrM;9282;9283;6;-
chrM;9284;9285;6;-
chrM;9285;9286;34;-
chrM;9286;9287;18;-
chrM;9287;9288;9;-
chrM;9288;9289;4;-
chrM;9289;9290;1;-
chrM;9290;9291;4;-
chrM;9291;9292;2;-
chrM;9295;9296;2;-
chrM;9296;9297;3;-
chrM;9297;9298;1;-
chrM;9298;9299;5;-
chrM;9299;9300;3;-
chrM;9302;9303;18;-
chrM;9303;9304;90;-
chrM;9304;9305;22;-
chrM;9305;9306;9;-
chrM;9306;9307;2;-
chrM;9308;9309;1;-
chrM;9309;9310;1;-
chrM;9310;9311;4;-
chrM;9311;9312;4;-
chrM;9312;9313;3;-
chrM;9313;9314;3;-
chrM;9314;9315;25;-
chrM;9315;9316;49;-
chrM;9316;9317;52;-
chrM;9317;9318;33;-
chrM;9318;9319;31;-
chrM;9319;9320;6;-
chrM;9320;9321;1;-
chrM;9322;9323;2;-
chrM;9323;9324;2;-
chrM;9326;9327;1;-
chrM;9327;9328;3;-
chrM;9328;9329;8;-
chrM;9329;9330;16;-
chrM;9330;9331;12;-
chrM;9331;9332;3;-
chrM;9332;9333;1;-
chrM;9335;9336;2;-
chrM;9336;9337;9;-
chrM;9337;9338;14;-
chrM;9338;9339;2;-
chrM;9343;9344;11;-
chrM;9344;9345;1;-
chrM;9346;9347;1;-
chrM;9394;9395;9;-
chrM;9395;9396;2;-
chrM;9396;9397;4;-
chrM;9397;9398;18;-
chrM;9398;9399;2;-
chrM;9400;9401;1;-
chrM;9417;9418;2;-
chrM;9422;9423;1;-
chrM;9425;9426;1;-
chrM;9426;9427;16;-
chrM;9427;9428;1;-
chrM;9428;9429;1;-
chrM;9429;9430;6;-
chrM;9430;9431;1;-
chrM;9431;9432;1;-
chrM;9433;9434;3;-
chrM;9435;9436;6;-
chrM;9440;9441;1;-
chrM;9442;9443;2;-
chrM;9443;9444;5;-
chrM;9444;9445;23;-
chrM;9445;9446;32;-
chrM;9446;9447;20;-
chrM;9447;9448;8;-
chrM;9448;9449;2;-
chrM;9450;9451;1;-
chrM;9451;9452;2;-
chrM;9452;9453;6;-
chrM;9453;9454;3;-
chrM;9457;9458;1;-
chrM;9459;9460;1;-
chrM;9460;9461;2;-
chrM;9461;9462;5;-
chrM;9463;9464;2;-
chrM;9464;9465;6;-
chrM;9465;9466;9;-
chrM;9466;9467;3;-
chrM;9467;9468;16;-
chrM;9468;9469;5;-
chrM;9469;9470;7;-
chrM;9471;9472;4;-
chrM;9472;9473;4;-
chrM;9476;9477;1;-
chrM;9512;9513;2;-
chrM;9514;9515;7;-
chrM;9515;9516;1;-
chrM;9516;9517;15;-
chrM;9517;9518;33;-
chrM;9518;9519;10;-
chrM;9519;9520;2;-
chrM;9521;9522;1;-
chrM;9531;9532;41;-
chrM;9532;9533;21;-
chrM;9533;9534;1;-
chrM;9534;9535;2;-
chrM;9537;9538;2;-
chrM;9538;9539;1;-
chrM;9540;9541;1;-
chrM;9541;9542;4;-
chrM;9542;9543;9;-
chrM;9543;9544;13;-
chrM;9544;9545;1;-
chrM;9545;9546;17;-
chrM;9546;9547;3;-
chrM;9547;9548;5;-
chrM;9548;9549;47;-
chrM;9549;9550;17;-
chrM;9550;9551;4;-
chrM;9555;9556;3;-
chrM;9556;9557;4;-
chrM;9557;9558;5;-
chrM;9559;9560;1;-
chrM;9560;9561;1;-
chrM;9561;9562;2;-
chrM;9562;9563;8;-
chrM;9563;9564;10;-
chrM;9568;9569;3;-
chrM;9569;9570;1;-
chrM;9572;9573;9;-
chrM;9573;9574;13;-
chrM;9574;9575;9;-
chrM;9575;9576;6;-
chrM;9578;9579;1;-
chrM;9579;9580;8;-
chrM;9580;9581;9;-
chrM;9581;9582;2;-
chrM;9582;9583;2;-
chrM;9583;9584;22;-
chrM;9584;9585;2;-
chrM;9586;9587;12;-
chrM;9587;9588;2;-
chrM;9589;9590;7;-
chrM;9590;9591;5;-
chrM;9592;9593;3;-
chrM;9593;9594;6;-
chrM;9594;9595;10;-
chrM;9595;9596;26;-
chrM;9596;9597;16;-
chrM;9597;9598;10;-
chrM;9598;9599;10;-
chrM;9599;9600;4;-
chrM;9600;9601;3;-
chrM;9601;9602;3;-
chrM;9602;9603;2;-
chrM;9603;9604;20;-
chrM;9604;9605;1;-
chrM;9605;9606;2;-
chrM;9606;9607;1;-
chrM;9607;9608;1;-
chrM;9608;9609;1;-
chrM;9609;9610;1;-
chrM;9611;9612;3;-
chrM;9612;9613;2;-
chrM;9672;9673;17;-
chrM;9673;9674;1;-
chrM;9674;9675;1;-
chrM;9684;9685;5;-
chrM;9685;9686;4;-
chrM;9687;9688;24;-
chrM;9688;9689;8;-
chrM;9689;9690;1;-
chrM;9690;9691;1;-
chrM;9691;9692;1;-
chrM;9693;9694;1;-
chrM;9694;9695;8;-
chrM;9695;9696;1;-
chrM;9697;9698;1;-
chrM;9698;9699;3;-
chrM;9701;9702;1;-
chrM;9703;9704;1;-
chrM;9704;9705;1;-
chrM;9706;9707;1;-
chrM;9707;9708;4;-
chrM;9708;9709;1;-
chrM;9709;9710;3;-
chrM;9710;9711;3;-
chrM;9711;9712;1;-
chrM;9712;9713;14;-
chrM;9720;9721;1;-
chrM;9724;9725;1;-
chrM;9758;9759;9;-
chrM;9759;9760;6;-
chrM;9760;9761;2;-
chrM;9762;9763;17;-
chrM;9763;9764;10;-
chrM;9764;9765;4;-
chrM;9765;9766;1;-
chrM;9767;9768;2;-
chrM;9768;9769;2;-
chrM;9769;9770;3;-
chrM;9770;9771;1;-
chrM;9772;9773;3;-
chrM;9773;9774;5;-
chrM;9774;9775;4;-
chrM;9775;9776;7;-
chrM;9776;9777;7;-
chrM;9777;9778;8;-
chrM;9778;9779;7;-
chrM;9779;9780;1;-
chrM;9780;9781;2;-
chrM;9781;9782;1;-
chrM;9782;9783;1;-
chrM;9783;9784;10;-
chrM;9784;9785;2;-
chrM;9789;9790;7;-
chrM;9791;9792;1;-
chrM;9792;9793;1;-
chrM;9794;9795;2;-
chrM;9795;9796;1;-
chrM;9796;9797;3;-
chrM;9797;9798;3;-
chrM;9798;9799;3;-
chrM;9799;9800;5;-
chrM;9800;9801;1;-
chrM;9801;9802;7;-
chrM;9805;9806;1;-
chrM;9806;9807;12;-
chrM;9807;9808;19;-
chrM;9814;9815;2;-
chrM;9830;9831;4;-
chrM;9838;9839;2;-
chrM;9839;9840;3;-
chrM;9842;9843;2;-
chrM;9843;9844;2;-
chrM;9849;9850;1;-
chrM;9858;9859;2;-
chrM;9876;9877;5;-
chrM;9879;9880;2;-
chrM;9882;9883;2;-
chrM;9884;9885;6;-
chrM;9885;9886;9;-
chrM;9886;9887;2;-
chrM;9888;9889;2;-
chrM;9889;9890;7;-
chrM;9891;9892;2;-
chrM;9895;9896;5;-
chrM;9896;9897;14;-
chrM;9897;9898;3;-
chrM;9898;9899;28;-
chrM;9899;9900;38;-
chrM;9900;9901;8;-
chrM;9901;9902;7;-
chrM;9902;9903;5;-
chrM;9903;9904;1;-
chrM;9904;9905;27;-
chrM;9905;9906;13;-
chrM;9906;9907;8;-
chrM;9907;9908;3;-
chrM;9909;9910;5;-
chrM;9910;9911;4;-
chrM;9911;9912;2;-
chrM;9912;9913;13;-
chrM;9913;9914;15;-
chrM;9914;9915;3;-
chrM;9916;9917;2;-
chrM;9918;9919;10;-
chrM;9919;9920;7;-
chrM;9920;9921;2;-
chrM;9922;9923;2;-
chrM;9924;9925;10;-
chrM;9929;9930;10;-
chrM;9930;9931;3;-
chrM;9931;9932;4;-
chrM;9932;9933;2;-
chrM;9933;9934;1;-
chrM;9935;9936;2;-
chrM;9943;9944;5;-
chrM;9944;9945;1;-
chrM;9945;9946;6;-
chrM;9946;9947;1;-
chrM;9959;9960;10;-
chrM;9960;9961;3;-
chrM;9964;9965;9;-
chrM;9967;9968;9;-
chrM;9968;9969;8;-
chrM;9969;9970;26;-
chrM;9970;9971;7;-
chrM;9971;9972;6;-
chrM;9972;9973;1;-
chrM;9973;9974;4;-
chrM;9974;9975;1;-
chrM;9976;9977;2;-
chrM;9977;9978;3;-
chrM;9978;9979;1;-
chrM;9980;9981;1;-
chrM;9982;9983;11;-
chrM;9985;9986;2;-
chrM;9990;9991;4;-
chrM;9991;9992;3;-
chrM;9994;9995;1;-
chrM;10023;10024;4;-
chrM;10024;10025;1;-
chrM;10025;10026;2;-
chrM;10026;10027;25;-
chrM;10027;10028;9;-
chrM;10028;10029;1;-
chrM;10029;10030;3;-
chrM;10030;10031;1;-
chrM;10032;10033;16;-
chrM;10033;10034;3;-
chrM;10034;10035;4;-
chrM;10036;10037;4;-
chrM;10037;10038;8;-
chrM;10038;10039;5;-
chrM;10039;10040;1;-
chrM;10040;10041;3;-
chrM;10041;10042;20;-
chrM;10042;10043;12;-
chrM;10043;10044;1;-
chrM;10044;10045;2;-
chrM;10045;10046;10;-
chrM;10046;10047;10;-
chrM;10047;10048;11;-
chrM;10048;10049;11;-
chrM;10049;10050;2;-
chrM;10050;10051;3;-
chrM;10051;10052;33;-
chrM;10052;10053;47;-
chrM;10053;10054;37;-
chrM;10054;10055;23;-
chrM;10055;10056;4;-
chrM;10057;10058;9;-
chrM;10058;10059;18;-
chrM;10059;10060;14;-
chrM;10060;10061;9;-
chrM;10061;10062;2;-
chrM;10062;10063;2;-
chrM;10066;10067;5;-
chrM;10067;10068;1;-
chrM;10071;10072;16;-
chrM;10077;10078;4;-
chrM;10078;10079;2;-
chrM;10079;10080;5;-
chrM;10083;10084;4;-
chrM;10084;10085;4;-
chrM;10085;10086;7;-
chrM;10086;10087;11;-
chrM;10087;10088;10;-
chrM;10088;10089;6;-
chrM;10089;10090;4;-
chrM;10090;10091;4;-
chrM;10091;10092;4;-
chrM;10092;10093;1;-
chrM;10093;10094;21;-
chrM;10094;10095;5;-
chrM;10095;10096;4;-
chrM;10096;10097;5;-
chrM;10097;10098;2;-
chrM;10098;10099;1;-
chrM;10099;10100;20;-
chrM;10100;10101;12;-
chrM;10101;10102;10;-
chrM;10102;10103;8;-
chrM;10103;10104;4;-
chrM;10104;10105;1;-
chrM;10105;10106;7;-
chrM;10107;10108;3;-
chrM;10108;10109;27;-
chrM;10109;10110;7;-
chrM;10110;10111;1;-
chrM;10111;10112;1;-
chrM;10113;10114;1;-
chrM;10119;10120;6;-
chrM;10120;10121;2;-
chrM;10121;10122;2;-
chrM;10122;10123;1;-
chrM;10123;10124;4;-
chrM;10124;10125;16;-
chrM;10125;10126;24;-
chrM;10126;10127;2;-
chrM;10128;10129;3;-
chrM;10129;10130;11;-
chrM;10130;10131;7;-
chrM;10131;10132;1;-
chrM;10133;10134;1;-
chrM;10134;10135;3;-
chrM;10135;10136;12;-
chrM;10136;10137;5;-
chrM;10137;10138;1;-
chrM;10139;10140;1;-
chrM;10140;10141;9;-
chrM;10141;10142;13;-
chrM;10142;10143;3;-
chrM;10144;10145;5;-
chrM;10145;10146;4;-
chrM;10146;10147;1;-
chrM;10147;10148;1;-
chrM;10151;10152;1;-
chrM;10153;10154;3;-
chrM;10154;10155;3;-
chrM;10155;10156;2;-
chrM;10156;10157;3;-
chrM;10157;10158;3;-
chrM;10158;10159;2;-
chrM;10159;10160;10;-
chrM;10160;10161;3;-
chrM;10161;10162;1;-
chrM;10162;10163;14;-
chrM;10163;10164;2;-
chrM;10167;10168;4;-
chrM;10168;10169;1;-
chrM;10177;10178;1;-
chrM;10179;10180;1;-
chrM;10199;10200;1;-
chrM;10200;10201;8;-
chrM;10201;10202;5;-
chrM;10202;10203;6;-
chrM;10203;10204;4;-
chrM;10204;10205;1;-
chrM;10206;10207;1;-
chrM;10207;10208;4;-
chrM;10208;10209;2;-
chrM;10209;10210;3;-
chrM;10210;10211;4;-
chrM;10211;10212;12;-
chrM;10212;10213;4;-
chrM;10213;10214;1;-
chrM;10216;10217;3;-
chrM;10217;10218;3;-
chrM;10218;10219;1;-
chrM;10219;10220;7;-
chrM;10220;10221;3;-
chrM;10221;10222;4;-
chrM;10222;10223;8;-
chrM;10223;10224;1;-
chrM;10224;10225;1;-
chrM;10226;10227;1;-
chrM;10231;10232;2;-
chrM;10232;10233;4;-
chrM;10233;10234;5;-
chrM;10235;10236;5;-
chrM;10236;10237;1;-
chrM;10237;10238;3;-
chrM;10238;10239;1;-
chrM;10241;10242;5;-
chrM;10242;10243;8;-
chrM;10243;10244;1;-
chrM;10245;10246;2;-
chrM;10246;10247;5;-
chrM;10247;10248;2;-
chrM;10250;10251;7;-
chrM;10255;10256;6;-
chrM;10283;10284;10;-
chrM;10284;10285;4;-
chrM;10288;10289;1;-
chrM;10291;10292;3;-
chrM;10292;10293;4;-
chrM;10293;10294;3;-
chrM;10294;10295;3;-
chrM;10297;10298;4;-
chrM;10298;10299;7;-
chrM;10299;10300;3;-
chrM;10300;10301;4;-
chrM;10301;10302;3;-
chrM;10302;10303;4;-
chrM;10303;10304;1;-
chrM;10314;10315;1;-
chrM;10316;10317;1;-
chrM;10322;10323;6;-
chrM;10324;10325;1;-
chrM;10330;10331;1;-
chrM;10341;10342;7;-
chrM;10342;10343;12;-
chrM;10343;10344;17;-
chrM;10344;10345;21;-
chrM;10345;10346;2;-
chrM;10348;10349;2;-
chrM;10349;10350;18;-
chrM;10350;10351;16;-
chrM;10351;10352;16;-
chrM;10352;10353;9;-
chrM;10353;10354;5;-
chrM;10354;10355;10;-
chrM;10355;10356;4;-
chrM;10359;10360;1;-
chrM;10385;10386;3;-
chrM;10386;10387;4;-
chrM;10387;10388;3;-
chrM;10389;10390;2;-
chrM;10397;10398;2;-
chrM;10399;10400;7;-
chrM;10400;10401;1;-
chrM;10402;10403;9;-
chrM;10403;10404;5;-
chrM;10404;10405;3;-
chrM;10405;10406;3;-
chrM;10408;10409;1;-
chrM;10409;10410;1;-
chrM;10410;10411;4;-
chrM;10411;10412;5;-
chrM;10412;10413;10;-
chrM;10413;10414;8;-
chrM;10414;10415;5;-
chrM;10422;10423;2;-
chrM;10423;10424;2;-
chrM;10427;10428;2;-
chrM;10429;10430;1;-
chrM;10430;10431;2;-
chrM;10431;10432;10;-
chrM;10432;10433;3;-
chrM;10433;10434;2;-
chrM;10434;10435;5;-
chrM;10435;10436;3;-
chrM;10437;10438;10;-
chrM;10438;10439;4;-
chrM;10441;10442;1;-
chrM;10442;10443;1;-
chrM;10446;10447;2;-
chrM;10447;10448;2;-
chrM;10448;10449;4;-
chrM;10449;10450;3;-
chrM;10451;10452;1;-
chrM;10452;10453;2;-
chrM;10454;10455;8;-
chrM;10455;10456;1;-
chrM;10457;10458;1;-
chrM;10458;10459;5;-
chrM;10459;10460;2;-
chrM;10460;10461;1;-
chrM;10462;10463;1;-
chrM;10464;10465;12;-
chrM;10465;10466;24;-
chrM;10466;10467;13;-
chrM;10467;10468;7;-
chrM;10470;10471;14;-
chrM;10471;10472;2;-
chrM;10472;10473;2;-
chrM;10474;10475;1;-
chrM;10476;10477;1;-
chrM;10477;10478;2;-
chrM;10478;10479;1;-
chrM;10479;10480;17;-
chrM;10480;10481;1;-
chrM;10482;10483;2;-
chrM;10484;10485;1;-
chrM;10485;10486;11;-
chrM;10486;10487;5;-
chrM;10489;10490;3;-
chrM;10490;10491;2;-
chrM;10491;10492;1;-
chrM;10492;10493;2;-
chrM;10499;10500;3;-
chrM;10501;10502;2;-
chrM;10502;10503;3;-
chrM;10503;10504;3;-
chrM;10504;10505;5;-
chrM;10509;10510;1;-
chrM;10510;10511;1;-
chrM;10513;10514;1;-
chrM;10518;10519;1;-
chrM;10546;10547;32;-
chrM;10547;10548;14;-
chrM;10548;10549;6;-
chrM;10549;10550;6;-
chrM;10550;10551;3;-
chrM;10551;10552;10;-
chrM;10552;10553;3;-
chrM;10555;10556;2;-
chrM;10558;10559;2;-
chrM;10575;10576;5;-
chrM;10576;10577;1;-
chrM;10577;10578;6;-
chrM;10578;10579;3;-
chrM;10579;10580;14;-
chrM;10580;10581;3;-
chrM;10583;10584;4;-
chrM;10584;10585;5;-
chrM;10585;10586;20;-
chrM;10586;10587;4;-
chrM;10587;10588;9;-
chrM;10588;10589;5;-
chrM;10589;10590;12;-
chrM;10590;10591;17;-
chrM;10591;10592;4;-
chrM;10594;10595;3;-
chrM;10595;10596;16;-
chrM;10596;10597;34;-
chrM;10597;10598;63;-
chrM;10598;10599;32;-
chrM;10599;10600;43;-
chrM;10600;10601;13;-
chrM;10602;10603;3;-
chrM;10603;10604;1;-
chrM;10610;10611;1;-
chrM;10611;10612;27;-
chrM;10612;10613;2;-
chrM;10641;10642;15;-
chrM;10642;10643;6;-
chrM;10643;10644;6;-
chrM;10646;10647;1;-
chrM;10649;10650;2;-
chrM;10654;10655;6;-
chrM;10655;10656;4;-
chrM;10656;10657;24;-
chrM;10658;10659;3;-
chrM;10659;10660;3;-
chrM;10664;10665;1;-
chrM;10667;10668;1;-
chrM;10668;10669;2;-
chrM;10669;10670;1;-
chrM;10671;10672;8;-
chrM;10672;10673;15;-
chrM;10673;10674;8;-
chrM;10674;10675;7;-
chrM;10675;10676;7;-
chrM;10676;10677;2;-
chrM;10677;10678;20;-
chrM;10678;10679;7;-
chrM;10679;10680;1;-
chrM;10682;10683;4;-
chrM;10683;10684;15;-
chrM;10684;10685;6;-
chrM;10686;10687;2;-
chrM;10687;10688;2;-
chrM;10688;10689;3;-
chrM;10689;10690;9;-
chrM;10690;10691;6;-
chrM;10691;10692;4;-
chrM;10692;10693;13;-
chrM;10700;10701;1;-
chrM;10701;10702;5;-
chrM;10702;10703;3;-
chrM;10715;10716;17;-
chrM;10716;10717;5;-
chrM;10717;10718;20;-
chrM;10718;10719;8;-
chrM;10719;10720;5;-
chrM;10720;10721;2;-
chrM;10721;10722;2;-
chrM;10722;10723;43;-
chrM;10723;10724;20;-
chrM;10724;10725;13;-
chrM;10725;10726;26;-
chrM;10726;10727;34;-
chrM;10727;10728;10;-
chrM;10730;10731;14;-
chrM;10731;10732;8;-
chrM;10733;10734;3;-
chrM;10735;10736;1;-
chrM;10736;10737;2;-
chrM;10737;10738;1;-
chrM;10738;10739;2;-
chrM;10739;10740;2;-
chrM;10740;10741;2;-
chrM;10742;10743;1;-
chrM;10745;10746;1;-
chrM;10746;10747;22;-
chrM;10747;10748;3;-
chrM;10749;10750;6;-
chrM;10750;10751;10;-
chrM;10751;10752;9;-
chrM;10752;10753;3;-
chrM;10754;10755;9;-
chrM;10756;10757;1;-
chrM;10757;10758;5;-
chrM;10758;10759;3;-
chrM;10759;10760;5;-
chrM;10760;10761;14;-
chrM;10761;10762;7;-
chrM;10762;10763;2;-
chrM;10765;10766;1;-
chrM;10767;10768;13;-
chrM;10768;10769;5;-
chrM;10769;10770;3;-
chrM;10773;10774;1;-
chrM;10774;10775;1;-
chrM;10797;10798;3;-
chrM;10798;10799;2;-
chrM;10800;10801;3;-
chrM;10801;10802;16;-
chrM;10802;10803;17;-
chrM;10803;10804;19;-
chrM;10804;10805;2;-
chrM;10806;10807;5;-
chrM;10807;10808;6;-
chrM;10810;10811;4;-
chrM;10811;10812;2;-
chrM;10812;10813;20;-
chrM;10813;10814;12;-
chrM;10814;10815;1;-
chrM;10817;10818;1;-
chrM;10818;10819;2;-
chrM;10819;10820;8;-
chrM;10820;10821;10;-
chrM;10821;10822;15;-
chrM;10822;10823;15;-
chrM;10823;10824;3;-
chrM;10824;10825;7;-
chrM;10825;10826;2;-
chrM;10826;10827;1;-
chrM;10827;10828;3;-
chrM;10828;10829;16;-
chrM;10829;10830;7;-
chrM;10830;10831;9;-
chrM;10831;10832;9;-
chrM;10834;10835;8;-
chrM;10835;10836;2;-
chrM;10836;10837;1;-
chrM;10837;10838;1;-
chrM;10839;10840;9;-
chrM;10840;10841;32;-
chrM;10841;10842;16;-
chrM;10842;10843;16;-
chrM;10843;10844;68;-
chrM;10844;10845;8;-
chrM;10845;10846;1;-
chrM;10847;10848;3;-
chrM;10852;10853;2;-
chrM;10854;10855;3;-
chrM;10855;10856;1;-
chrM;10856;10857;3;-
chrM;10859;10860;13;-
chrM;10860;10861;18;-
chrM;10861;10862;4;-
chrM;10862;10863;2;-
chrM;10864;10865;2;-
chrM;10867;10868;2;-
chrM;10875;10876;1;-
chrM;10889;10890;2;-
chrM;10893;10894;1;-
chrM;10894;10895;1;-
chrM;10896;10897;6;-
chrM;10897;10898;34;-
chrM;10898;10899;31;-
chrM;10899;10900;8;-
chrM;10901;10902;1;-
chrM;10902;10903;3;-
chrM;10903;10904;2;-
chrM;10904;10905;19;-
chrM;10905;10906;8;-
chrM;10909;10910;2;-
chrM;10917;10918;6;-
chrM;10918;10919;12;-
chrM;10919;10920;13;-
chrM;10920;10921;17;-
chrM;10921;10922;1;-
chrM;10924;10925;9;-
chrM;10925;10926;3;-
chrM;10926;10927;1;-
chrM;10933;10934;1;-
chrM;10934;10935;2;-
chrM;10935;10936;6;-
chrM;10936;10937;11;-
chrM;10937;10938;4;-
chrM;10940;10941;5;-
chrM;10941;10942;7;-
chrM;10942;10943;7;-
chrM;10943;10944;12;-
chrM;10944;10945;6;-
chrM;10946;10947;2;-
chrM;10947;10948;21;-
chrM;10948;10949;2;-
chrM;10949;10950;1;-
chrM;10950;10951;11;-
chrM;10951;10952;8;-
chrM;10953;10954;3;-
chrM;10954;10955;3;-
chrM;10955;10956;1;-
chrM;10956;10957;5;-
chrM;10957;10958;2;-
chrM;10960;10961;5;-
chrM;10967;10968;1;-
chrM;10978;10979;2;-
chrM;10979;10980;1;-
chrM;10980;10981;1;-
chrM;10981;10982;20;-
chrM;10982;10983;16;-
chrM;10983;10984;3;-
chrM;10984;10985;1;-
chrM;10985;10986;4;-
chrM;10986;10987;3;-
chrM;10988;10989;1;-
chrM;10989;10990;5;-
chrM;10990;10991;6;-
chrM;10991;10992;10;-
chrM;10992;10993;3;-
chrM;10995;10996;18;-
chrM;10996;10997;19;-
chrM;10997;10998;22;-
chrM;10998;10999;7;-
chrM;10999;11000;3;-
chrM;11000;11001;1;-
chrM;11002;11003;1;-
chrM;11003;11004;12;-
chrM;11004;11005;13;-
chrM;11005;11006;5;-
chrM;11009;11010;1;-
chrM;11011;11012;2;-
chrM;11014;11015;1;-
chrM;11015;11016;6;-
chrM;11016;11017;5;-
chrM;11017;11018;1;-
chrM;11019;11020;3;-
chrM;11021;11022;5;-
chrM;11022;11023;21;-
chrM;11023;11024;17;-
chrM;11024;11025;11;-
chrM;11025;11026;4;-
chrM;11026;11027;2;-
chrM;11027;11028;17;-
chrM;11028;11029;1;-
chrM;11029;11030;5;-
chrM;11030;11031;59;-
chrM;11031;11032;9;-
chrM;11032;11033;3;-
chrM;11033;11034;13;-
chrM;11034;11035;8;-
chrM;11035;11036;1;-
chrM;11037;11038;4;-
chrM;11038;11039;23;-
chrM;11039;11040;17;-
chrM;11040;11041;12;-
chrM;11041;11042;12;-
chrM;11042;11043;13;-
chrM;11043;11044;9;-
chrM;11044;11045;6;-
chrM;11045;11046;2;-
chrM;11046;11047;16;-
chrM;11047;11048;15;-
chrM;11048;11049;7;-
chrM;11049;11050;10;-
chrM;11050;11051;2;-
chrM;11052;11053;3;-
chrM;11053;11054;11;-
chrM;11054;11055;1;-
chrM;11056;11057;2;-
chrM;11057;11058;1;-
chrM;11058;11059;12;-
chrM;11059;11060;29;-
chrM;11060;11061;19;-
chrM;11062;11063;1;-
chrM;11066;11067;1;-
chrM;11076;11077;1;-
chrM;11077;11078;1;-
chrM;11078;11079;1;-
chrM;11079;11080;3;-
chrM;11080;11081;21;-
chrM;11081;11082;13;-
chrM;11082;11083;9;-
chrM;11083;11084;1;-
chrM;11084;11085;4;-
chrM;11085;11086;1;-
chrM;11086;11087;4;-
chrM;11087;11088;1;-
chrM;11088;11089;2;-
chrM;11091;11092;9;-
chrM;11092;11093;2;-
chrM;11093;11094;1;-
chrM;11094;11095;15;-
chrM;11095;11096;8;-
chrM;11096;11097;7;-
chrM;11097;11098;13;-
chrM;11098;11099;6;-
chrM;11100;11101;2;-
chrM;11101;11102;3;-
chrM;11102;11103;1;-
chrM;11106;11107;2;-
chrM;11107;11108;1;-
chrM;11113;11114;1;-
chrM;11115;11116;12;-
chrM;11116;11117;7;-
chrM;11117;11118;3;-
chrM;11118;11119;3;-
chrM;11119;11120;1;-
chrM;11120;11121;2;-
chrM;11121;11122;8;-
chrM;11122;11123;16;-
chrM;11123;11124;6;-
chrM;11124;11125;9;-
chrM;11125;11126;3;-
chrM;11127;11128;1;-
chrM;11128;11129;3;-
chrM;11129;11130;1;-
chrM;11131;11132;1;-
chrM;11132;11133;1;-
chrM;11133;11134;1;-
chrM;11135;11136;3;-
chrM;11136;11137;6;-
chrM;11137;11138;2;-
chrM;11138;11139;1;-
chrM;11139;11140;24;-
chrM;11140;11141;3;-
chrM;11145;11146;3;-
chrM;11146;11147;6;-
chrM;11147;11148;15;-
chrM;11148;11149;6;-
chrM;11152;11153;6;-
chrM;11153;11154;2;-
chrM;11156;11157;1;-
chrM;11158;11159;3;-
chrM;11159;11160;31;-
chrM;11160;11161;4;-
chrM;11161;11162;2;-
chrM;11162;11163;2;-
chrM;11163;11164;2;-
chrM;11165;11166;5;-
chrM;11166;11167;6;-
chrM;11167;11168;1;-
chrM;11169;11170;6;-
chrM;11170;11171;16;-
chrM;11171;11172;15;-
chrM;11172;11173;6;-
chrM;11173;11174;1;-
chrM;11174;11175;2;-
chrM;11175;11176;8;-
chrM;11176;11177;6;-
chrM;11177;11178;7;-
chrM;11178;11179;6;-
chrM;11179;11180;10;-
chrM;11180;11181;2;-
chrM;11181;11182;5;-
chrM;11182;11183;10;-
chrM;11183;11184;1;-
chrM;11185;11186;2;-
chrM;11193;11194;3;-
chrM;11194;11195;1;-
chrM;11195;11196;6;-
chrM;11196;11197;11;-
chrM;11197;11198;5;-
chrM;11198;11199;6;-
chrM;11199;11200;4;-
chrM;11200;11201;3;-
chrM;11201;11202;3;-
chrM;11202;11203;4;-
chrM;11203;11204;5;-
chrM;11209;11210;4;-
chrM;11210;11211;1;-
chrM;11213;11214;4;-
chrM;11214;11215;2;-
chrM;11216;11217;1;-
chrM;11217;11218;2;-
chrM;11220;11221;22;-
chrM;11221;11222;3;-
chrM;11222;11223;8;-
chrM;11224;11225;1;-
chrM;11229;11230;11;-
chrM;11230;11231;4;-
chrM;11232;11233;2;-
chrM;11233;11234;3;-
chrM;11234;11235;4;-
chrM;11237;11238;4;-
chrM;11238;11239;1;-
chrM;11240;11241;4;-
chrM;11241;11242;2;-
chrM;11242;11243;3;-
chrM;11243;11244;1;-
chrM;11244;11245;3;-
chrM;11247;11248;5;-
chrM;11248;11249;7;-
chrM;11249;11250;1;-
chrM;11251;11252;2;-
chrM;11255;11256;1;-
chrM;11256;11257;11;-
chrM;11257;11258;11;-
chrM;11258;11259;1;-
chrM;11260;11261;1;-
chrM;11263;11264;2;-
chrM;11265;11266;5;-
chrM;11266;11267;6;-
chrM;11267;11268;1;-
chrM;11268;11269;2;-
chrM;11269;11270;2;-
chrM;11271;11272;8;-
chrM;11272;11273;2;-
chrM;11273;11274;10;-
chrM;11274;11275;4;-
chrM;11275;11276;3;-
chrM;11276;11277;2;-
chrM;11278;11279;1;-
chrM;11279;11280;2;-
chrM;11280;11281;1;-
chrM;11283;11284;1;-
chrM;11287;11288;1;-
chrM;11289;11290;1;-
chrM;11290;11291;1;-
chrM;11292;11293;3;-
chrM;11293;11294;6;-
chrM;11294;11295;2;-
chrM;11304;11305;1;-
chrM;11309;11310;3;-
chrM;11310;11311;2;-
chrM;11313;11314;1;-
chrM;11389;11390;1;-
chrM;11390;11391;2;-
chrM;11391;11392;7;-
chrM;11404;11405;11;-
chrM;11405;11406;5;-
chrM;11406;11407;1;-
chrM;11407;11408;4;-
chrM;11408;11409;1;-
chrM;11409;11410;2;-
chrM;11410;11411;5;-
chrM;11411;11412;7;-
chrM;11412;11413;20;-
chrM;11413;11414;8;-
chrM;11414;11415;6;-
chrM;11415;11416;5;-
chrM;11418;11419;1;-
chrM;11419;11420;1;-
chrM;11421;11422;4;-
chrM;11422;11423;3;-
chrM;11423;11424;9;-
chrM;11424;11425;2;-
chrM;11425;11426;3;-
chrM;11426;11427;2;-
chrM;11427;11428;3;-
chrM;11428;11429;3;-
chrM;11429;11430;1;-
chrM;11430;11431;1;-
chrM;11434;11435;1;-
chrM;11435;11436;1;-
chrM;11437;11438;1;-
chrM;11438;11439;7;-
chrM;11439;11440;8;-
chrM;11440;11441;2;-
chrM;11441;11442;1;-
chrM;11442;11443;32;-
chrM;11443;11444;4;-
chrM;11444;11445;7;-
chrM;11445;11446;7;-
chrM;11446;11447;10;-
chrM;11447;11448;28;-
chrM;11448;11449;25;-
chrM;11449;11450;3;-
chrM;11450;11451;37;-
chrM;11451;11452;35;-
chrM;11452;11453;23;-
chrM;11453;11454;34;-
chrM;11454;11455;29;-
chrM;11455;11456;37;-
chrM;11456;11457;20;-
chrM;11457;11458;21;-
chrM;11458;11459;15;-
chrM;11459;11460;16;-
chrM;11460;11461;8;-
chrM;11461;11462;6;-
chrM;11462;11463;1;-
chrM;11463;11464;7;-
chrM;11464;11465;6;-
chrM;11465;11466;1;-
chrM;11466;11467;5;-
chrM;11467;11468;5;-
chrM;11468;11469;4;-
chrM;11469;11470;16;-
chrM;11470;11471;4;-
chrM;11472;11473;1;-
chrM;11473;11474;1;-
chrM;11475;11476;11;-
chrM;11476;11477;15;-
chrM;11477;11478;5;-
chrM;11478;11479;14;-
chrM;11479;11480;10;-
chrM;11480;11481;3;-
chrM;11481;11482;7;-
chrM;11482;11483;51;-
chrM;11483;11484;27;-
chrM;11484;11485;14;-
chrM;11485;11486;3;-
chrM;11487;11488;1;-
chrM;11488;11489;1;-
chrM;11490;11491;3;-
chrM;11491;11492;42;-
chrM;11492;11493;27;-
chrM;11493;11494;32;-
chrM;11494;11495;2;-
chrM;11495;11496;1;-
chrM;11496;11497;2;-
chrM;11497;11498;4;-
chrM;11517;11518;1;-
chrM;11520;11521;3;-
chrM;11521;11522;3;-
chrM;11526;11527;1;-
chrM;11527;11528;12;-
chrM;11528;11529;32;-
chrM;11529;11530;101;-
chrM;11530;11531;32;-
chrM;11531;11532;13;-
chrM;11532;11533;6;-
chrM;11533;11534;6;-
chrM;11534;11535;4;-
chrM;11535;11536;24;-
chrM;11536;11537;3;-
chrM;11537;11538;2;-
chrM;11538;11539;4;-
chrM;11540;11541;1;-
chrM;11541;11542;1;-
chrM;11542;11543;5;-
chrM;11543;11544;10;-
chrM;11544;11545;1;-
chrM;11545;11546;4;-
chrM;11546;11547;1;-
chrM;11547;11548;2;-
chrM;11551;11552;11;-
chrM;11552;11553;3;-
chrM;11553;11554;1;-
chrM;11555;11556;2;-
chrM;11563;11564;2;-
chrM;11564;11565;3;-
chrM;11568;11569;3;-
chrM;11569;11570;1;-
chrM;11570;11571;5;-
chrM;11571;11572;8;-
chrM;11572;11573;5;-
chrM;11573;11574;24;-
chrM;11574;11575;1;-
chrM;11575;11576;4;-
chrM;11576;11577;2;-
chrM;11578;11579;2;-
chrM;11579;11580;4;-
chrM;11580;11581;2;-
chrM;11581;11582;21;-
chrM;11582;11583;21;-
chrM;11583;11584;3;-
chrM;11585;11586;1;-
chrM;11586;11587;27;-
chrM;11587;11588;61;-
chrM;11588;11589;12;-
chrM;11589;11590;3;-
chrM;11590;11591;1;-
chrM;11593;11594;1;-
chrM;11595;11596;1;-
chrM;11596;11597;1;-
chrM;11597;11598;14;-
chrM;11598;11599;4;-
chrM;11599;11600;4;-
chrM;11600;11601;29;-
chrM;11601;11602;12;-
chrM;11603;11604;1;-
chrM;11604;11605;2;-
chrM;11605;11606;1;-
chrM;11607;11608;7;-
chrM;11608;11609;12;-
chrM;11609;11610;7;-
chrM;11610;11611;4;-
chrM;11611;11612;5;-
chrM;11612;11613;8;-
chrM;11613;11614;2;-
chrM;11616;11617;2;-
chrM;11617;11618;3;-
chrM;11619;11620;1;-
chrM;11620;11621;5;-
chrM;11621;11622;21;-
chrM;11622;11623;2;-
chrM;11623;11624;2;-
chrM;11624;11625;4;-
chrM;11625;11626;2;-
chrM;11627;11628;1;-
chrM;11628;11629;1;-
chrM;11629;11630;15;-
chrM;11630;11631;30;-
chrM;11631;11632;9;-
chrM;11636;11637;2;-
chrM;11637;11638;4;-
chrM;11638;11639;1;-
chrM;11639;11640;1;-
chrM;11640;11641;7;-
chrM;11643;11644;4;-
chrM;11644;11645;10;-
chrM;11645;11646;7;-
chrM;11646;11647;6;-
chrM;11647;11648;5;-
chrM;11657;11658;1;-
chrM;11658;11659;1;-
chrM;11659;11660;2;-
chrM;11660;11661;10;-
chrM;11661;11662;4;-
chrM;11665;11666;2;-
chrM;11672;11673;1;-
chrM;11695;11696;14;-
chrM;11696;11697;18;-
chrM;11697;11698;3;-
chrM;11699;11700;1;-
chrM;11705;11706;2;-
chrM;11706;11707;1;-
chrM;11707;11708;6;-
chrM;11708;11709;6;-
chrM;11709;11710;2;-
chrM;11713;11714;3;-
chrM;11714;11715;3;-
chrM;11715;11716;2;-
chrM;11716;11717;1;-
chrM;11717;11718;23;-
chrM;11718;11719;21;-
chrM;11719;11720;10;-
chrM;11720;11721;4;-
chrM;11721;11722;8;-
chrM;11722;11723;3;-
chrM;11727;11728;5;-
chrM;11728;11729;5;-
chrM;11730;11731;2;-
chrM;11732;11733;1;-
chrM;11735;11736;1;-
chrM;11740;11741;1;-
chrM;11742;11743;2;-
chrM;11754;11755;3;-
chrM;11755;11756;1;-
chrM;11756;11757;4;-
chrM;11757;11758;1;-
chrM;11758;11759;1;-
chrM;11759;11760;2;-
chrM;11763;11764;1;-
chrM;11772;11773;2;-
chrM;11800;11801;1;-
chrM;11804;11805;3;-
chrM;11808;11809;1;-
chrM;11811;11812;1;-
chrM;11812;11813;1;-
chrM;11815;11816;1;-
chrM;11822;11823;1;-
chrM;11823;11824;1;-
chrM;11825;11826;2;-
chrM;11831;11832;2;-
chrM;11833;11834;1;-
chrM;11834;11835;1;-
chrM;11835;11836;15;-
chrM;11836;11837;1;-
chrM;11837;11838;3;-
chrM;11838;11839;4;-
chrM;11839;11840;3;-
chrM;11840;11841;3;-
chrM;11841;11842;3;-
chrM;11843;11844;10;-
chrM;11844;11845;8;-
chrM;11845;11846;6;-
chrM;11846;11847;2;-
chrM;11847;11848;7;-
chrM;11848;11849;12;-
chrM;11849;11850;6;-
chrM;11850;11851;10;-
chrM;11851;11852;10;-
chrM;11852;11853;2;-
chrM;11853;11854;1;-
chrM;11856;11857;4;-
chrM;11859;11860;1;-
chrM;11864;11865;1;-
chrM;11865;11866;2;-
chrM;11867;11868;4;-
chrM;11868;11869;1;-
chrM;11870;11871;1;-
chrM;11871;11872;4;-
chrM;11872;11873;1;-
chrM;11931;11932;1;-
chrM;11932;11933;2;-
chrM;11933;11934;4;-
chrM;11934;11935;8;-
chrM;11935;11936;17;-
chrM;11936;11937;40;-
chrM;11937;11938;22;-
chrM;11938;11939;4;-
chrM;11939;11940;5;-
chrM;11940;11941;2;-
chrM;11941;11942;4;-
chrM;11942;11943;14;-
chrM;11943;11944;8;-
chrM;11944;11945;2;-
chrM;11945;11946;2;-
chrM;11946;11947;7;-
chrM;11947;11948;7;-
chrM;11948;11949;4;-
chrM;11949;11950;7;-
chrM;11950;11951;5;-
chrM;11951;11952;1;-
chrM;11954;11955;1;-
chrM;11956;11957;2;-
chrM;11957;11958;11;-
chrM;11958;11959;1;-
chrM;11959;11960;3;-
chrM;11960;11961;2;-
chrM;11961;11962;8;-
chrM;11962;11963;2;-
chrM;11963;11964;1;-
chrM;11964;11965;4;-
chrM;11965;11966;4;-
chrM;11966;11967;1;-
chrM;11968;11969;2;-
chrM;11971;11972;2;-
chrM;11973;11974;1;-
chrM;11974;11975;10;-
chrM;11975;11976;5;-
chrM;11976;11977;1;-
chrM;11977;11978;1;-
chrM;11978;11979;2;-
chrM;11979;11980;9;-
chrM;11981;11982;1;-
chrM;11982;11983;1;-
chrM;11983;11984;1;-
chrM;11984;11985;3;-
chrM;11985;11986;4;-
chrM;11986;11987;17;-
chrM;11987;11988;6;-
chrM;11988;11989;3;-
chrM;11993;11994;4;-
chrM;12044;12045;1;-
chrM;12047;12048;1;-
chrM;12048;12049;3;-
chrM;12049;12050;5;-
chrM;12070;12071;10;-
chrM;12071;12072;7;-
chrM;12072;12073;10;-
chrM;12073;12074;25;-
chrM;12074;12075;14;-
chrM;12075;12076;3;-
chrM;12076;12077;2;-
chrM;12078;12079;2;-
chrM;12079;12080;3;-
chrM;12080;12081;1;-
chrM;12081;12082;3;-
chrM;12083;12084;1;-
chrM;12084;12085;1;-
chrM;12085;12086;4;-
chrM;12086;12087;3;-
chrM;12087;12088;1;-
chrM;12089;12090;1;-
chrM;12090;12091;4;-
chrM;12091;12092;2;-
chrM;12095;12096;1;-
chrM;12098;12099;1;-
chrM;12101;12102;2;-
chrM;12123;12124;5;-
chrM;12124;12125;3;-
chrM;12134;12135;7;-
chrM;12135;12136;7;-
chrM;12136;12137;4;-
chrM;12137;12138;50;-
chrM;12138;12139;67;-
chrM;12139;12140;33;-
chrM;12140;12141;10;-
chrM;12141;12142;12;-
chrM;12142;12143;9;-
chrM;12143;12144;5;-
chrM;12145;12146;2;-
chrM;12146;12147;3;-
chrM;12147;12148;6;-
chrM;12148;12149;1;-
chrM;12151;12152;1;-
chrM;12153;12154;2;-
chrM;12154;12155;3;-
chrM;12155;12156;2;-
chrM;12157;12158;1;-
chrM;12174;12175;3;-
chrM;12175;12176;4;-
chrM;12176;12177;2;-
chrM;12178;12179;2;-
chrM;12179;12180;2;-
chrM;12180;12181;6;-
chrM;12181;12182;2;-
chrM;12182;12183;2;-
chrM;12189;12190;2;-
chrM;12190;12191;1;-
chrM;12191;12192;1;-
chrM;12193;12194;1;-
chrM;12194;12195;3;-
chrM;12215;12216;29;-
chrM;12216;12217;65;-
chrM;12217;12218;50;-
chrM;12218;12219;38;-
chrM;12219;12220;15;-
chrM;12220;12221;9;-
chrM;12221;12222;10;-
chrM;12222;12223;1;-
chrM;12223;12224;5;-
chrM;12224;12225;20;-
chrM;12225;12226;33;-
chrM;12226;12227;18;-
chrM;12227;12228;31;-
chrM;12228;12229;48;-
chrM;12229;12230;67;-
chrM;12230;12231;14;-
chrM;12231;12232;3;-
chrM;12233;12234;1;-
chrM;12234;12235;1;-
chrM;12235;12236;22;-
chrM;12236;12237;11;-
chrM;12237;12238;35;-
chrM;12238;12239;86;-
chrM;12239;12240;51;-
chrM;12240;12241;44;-
chrM;12241;12242;13;-
chrM;12242;12243;8;-
chrM;12243;12244;28;-
chrM;12244;12245;10;-
chrM;12245;12246;3;-
chrM;12246;12247;17;-
chrM;12247;12248;7;-
chrM;12248;12249;7;-
chrM;12249;12250;9;-
chrM;12250;12251;8;-
chrM;12251;12252;3;-
chrM;12252;12253;6;-
chrM;12253;12254;1;-
chrM;12255;12256;19;-
chrM;12256;12257;3;-
chrM;12257;12258;1;-
chrM;12258;12259;3;-
chrM;12259;12260;2;-
chrM;12260;12261;1;-
chrM;12262;12263;3;-
chrM;12263;12264;7;-
chrM;12264;12265;26;-
chrM;12265;12266;90;-
chrM;12266;12267;71;-
chrM;12267;12268;17;-
chrM;12269;12270;4;-
chrM;12270;12271;25;-
chrM;12271;12272;21;-
chrM;12272;12273;8;-
chrM;12273;12274;6;-
chrM;12274;12275;5;-
chrM;12275;12276;9;-
chrM;12276;12277;1;-
chrM;12277;12278;1;-
chrM;12278;12279;7;-
chrM;12279;12280;40;-
chrM;12280;12281;12;-
chrM;12281;12282;6;-
chrM;12284;12285;1;-
chrM;12285;12286;1;-
chrM;12290;12291;3;-
chrM;12291;12292;18;-
chrM;12292;12293;15;-
chrM;12293;12294;2;-
chrM;12322;12323;2;-
chrM;12323;12324;15;-
chrM;12324;12325;3;-
chrM;12325;12326;4;-
chrM;12326;12327;11;-
chrM;12327;12328;7;-
chrM;12328;12329;1;-
chrM;12330;12331;1;-
chrM;12331;12332;1;-
chrM;12332;12333;1;-
chrM;12333;12334;2;-
chrM;12334;12335;16;-
chrM;12335;12336;6;-
chrM;12336;12337;2;-
chrM;12337;12338;13;-
chrM;12338;12339;13;-
chrM;12339;12340;8;-
chrM;12343;12344;1;-
chrM;12344;12345;1;-
chrM;12345;12346;4;-
chrM;12347;12348;1;-
chrM;12348;12349;5;-
chrM;12349;12350;1;-
chrM;12353;12354;9;-
chrM;12354;12355;7;-
chrM;12355;12356;8;-
chrM;12356;12357;17;-
chrM;12357;12358;7;-
chrM;12359;12360;8;-
chrM;12360;12361;8;-
chrM;12361;12362;5;-
chrM;12362;12363;10;-
chrM;12363;12364;2;-
chrM;12367;12368;2;-
chrM;12369;12370;3;-
chrM;12371;12372;1;-
chrM;12372;12373;1;-
chrM;12373;12374;11;-
chrM;12374;12375;5;-
chrM;12375;12376;8;-
chrM;12379;12380;1;-
chrM;12380;12381;2;-
chrM;12381;12382;23;-
chrM;12382;12383;6;-
chrM;12383;12384;7;-
chrM;12384;12385;4;-
chrM;12385;12386;2;-
chrM;12387;12388;1;-
chrM;12392;12393;4;-
chrM;12393;12394;29;-
chrM;12394;12395;18;-
chrM;12395;12396;16;-
chrM;12396;12397;13;-
chrM;12397;12398;7;-
chrM;12398;12399;4;-
chrM;12400;12401;3;-
chrM;12401;12402;10;-
chrM;12402;12403;31;-
chrM;12403;12404;10;-
chrM;12404;12405;1;-
chrM;12410;12411;7;-
chrM;12411;12412;16;-
chrM;12412;12413;13;-
chrM;12413;12414;7;-
chrM;12414;12415;3;-
chrM;12415;12416;4;-
chrM;12416;12417;1;-
chrM;12419;12420;2;-
chrM;12420;12421;17;-
chrM;12421;12422;29;-
chrM;12422;12423;15;-
chrM;12423;12424;11;-
chrM;12424;12425;3;-
chrM;12425;12426;1;-
chrM;12426;12427;22;-
chrM;12427;12428;18;-
chrM;12428;12429;18;-
chrM;12429;12430;10;-
chrM;12430;12431;10;-
chrM;12431;12432;7;-
chrM;12432;12433;3;-
chrM;12433;12434;7;-
chrM;12434;12435;8;-
chrM;12435;12436;12;-
chrM;12436;12437;5;-
chrM;12437;12438;1;-
chrM;12438;12439;11;-
chrM;12439;12440;12;-
chrM;12440;12441;6;-
chrM;12441;12442;1;-
chrM;12442;12443;1;-
chrM;12443;12444;12;-
chrM;12444;12445;9;-
chrM;12445;12446;6;-
chrM;12448;12449;2;-
chrM;12450;12451;3;-
chrM;12451;12452;3;-
chrM;12452;12453;2;-
chrM;12453;12454;3;-
chrM;12454;12455;3;-
chrM;12455;12456;4;-
chrM;12456;12457;3;-
chrM;12457;12458;15;-
chrM;12458;12459;2;-
chrM;12460;12461;7;-
chrM;12461;12462;5;-
chrM;12462;12463;9;-
chrM;12463;12464;12;-
chrM;12464;12465;9;-
chrM;12465;12466;7;-
chrM;12466;12467;2;-
chrM;12467;12468;1;-
chrM;12469;12470;1;-
chrM;12470;12471;13;-
chrM;12471;12472;10;-
chrM;12472;12473;5;-
chrM;12473;12474;7;-
chrM;12474;12475;9;-
chrM;12475;12476;3;-
chrM;12476;12477;1;-
chrM;12477;12478;20;-
chrM;12478;12479;3;-
chrM;12479;12480;1;-
chrM;12480;12481;7;-
chrM;12481;12482;6;-
chrM;12482;12483;8;-
chrM;12484;12485;1;-
chrM;12485;12486;3;-
chrM;12486;12487;1;-
chrM;12487;12488;3;-
chrM;12490;12491;3;-
chrM;12491;12492;1;-
chrM;12493;12494;1;-
chrM;12494;12495;2;-
chrM;12495;12496;12;-
chrM;12496;12497;4;-
chrM;12497;12498;1;-
chrM;12498;12499;4;-
chrM;12501;12502;4;-
chrM;12502;12503;14;-
chrM;12503;12504;11;-
chrM;12504;12505;22;-
chrM;12505;12506;3;-
chrM;12506;12507;1;-
chrM;12511;12512;1;-
chrM;12512;12513;2;-
chrM;12518;12519;9;-
chrM;12521;12522;3;-
chrM;12522;12523;12;-
chrM;12523;12524;11;-
chrM;12524;12525;8;-
chrM;12531;12532;7;-
chrM;12532;12533;29;-
chrM;12533;12534;29;-
chrM;12534;12535;24;-
chrM;12535;12536;5;-
chrM;12536;12537;1;-
chrM;12537;12538;9;-
chrM;12538;12539;5;-
chrM;12539;12540;7;-
chrM;12540;12541;4;-
chrM;12541;12542;3;-
chrM;12543;12544;1;-
chrM;12544;12545;3;-
chrM;12547;12548;1;-
chrM;12551;12552;3;-
chrM;12552;12553;1;-
chrM;12556;12557;2;-
chrM;12557;12558;1;-
chrM;12580;12581;14;-
chrM;12581;12582;20;-
chrM;12582;12583;11;-
chrM;12583;12584;7;-
chrM;12584;12585;4;-
chrM;12585;12586;32;-
chrM;12586;12587;7;-
chrM;12588;12589;5;-
chrM;12589;12590;2;-
chrM;12590;12591;11;-
chrM;12591;12592;11;-
chrM;12592;12593;10;-
chrM;12593;12594;7;-
chrM;12597;12598;2;-
chrM;12600;12601;3;-
chrM;12601;12602;12;-
chrM;12602;12603;12;-
chrM;12603;12604;10;-
chrM;12604;12605;3;-
chrM;12605;12606;1;-
chrM;12621;12622;24;-
chrM;12622;12623;9;-
chrM;12623;12624;2;-
chrM;12625;12626;1;-
chrM;12626;12627;2;-
chrM;12627;12628;11;-
chrM;12628;12629;10;-
chrM;12629;12630;6;-
chrM;12630;12631;4;-
chrM;12633;12634;3;-
chrM;12634;12635;2;-
chrM;12642;12643;3;-
chrM;12643;12644;3;-
chrM;12645;12646;4;-
chrM;12646;12647;14;-
chrM;12647;12648;14;-
chrM;12648;12649;3;-
chrM;12650;12651;2;-
chrM;12651;12652;3;-
chrM;12652;12653;2;-
chrM;12653;12654;4;-
chrM;12655;12656;11;-
chrM;12656;12657;8;-
chrM;12657;12658;5;-
chrM;12658;12659;3;-
chrM;12662;12663;9;-
chrM;12663;12664;10;-
chrM;12664;12665;6;-
chrM;12665;12666;1;-
chrM;12666;12667;3;-
chrM;12667;12668;1;-
chrM;12668;12669;3;-
chrM;12669;12670;38;-
chrM;12670;12671;19;-
chrM;12671;12672;6;-
chrM;12672;12673;3;-
chrM;12673;12674;1;-
chrM;12674;12675;2;-
chrM;12675;12676;13;-
chrM;12676;12677;2;-
chrM;12679;12680;2;-
chrM;12681;12682;8;-
chrM;12682;12683;7;-
chrM;12683;12684;2;-
chrM;12684;12685;12;-
chrM;12685;12686;8;-
chrM;12686;12687;39;-
chrM;12687;12688;35;-
chrM;12688;12689;9;-
chrM;12689;12690;3;-
chrM;12690;12691;29;-
chrM;12691;12692;15;-
chrM;12692;12693;2;-
chrM;12693;12694;1;-
chrM;12698;12699;2;-
chrM;12699;12700;9;-
chrM;12700;12701;7;-
chrM;12701;12702;5;-
chrM;12702;12703;9;-
chrM;12703;12704;6;-
chrM;12704;12705;5;-
chrM;12705;12706;16;-
chrM;12706;12707;12;-
chrM;12707;12708;10;-
chrM;12708;12709;15;-
chrM;12709;12710;5;-
chrM;12710;12711;2;-
chrM;12711;12712;34;-
chrM;12712;12713;19;-
chrM;12713;12714;3;-
chrM;12714;12715;1;-
chrM;12716;12717;2;-
chrM;12717;12718;33;-
chrM;12718;12719;6;-
chrM;12719;12720;1;-
chrM;12720;12721;16;-
chrM;12721;12722;14;-
chrM;12722;12723;13;-
chrM;12723;12724;11;-
chrM;12725;12726;3;-
chrM;12726;12727;7;-
chrM;12727;12728;3;-
chrM;12728;12729;4;-
chrM;12729;12730;3;-
chrM;12730;12731;14;-
chrM;12731;12732;5;-
chrM;12732;12733;20;-
chrM;12733;12734;13;-
chrM;12734;12735;22;-
chrM;12735;12736;31;-
chrM;12736;12737;26;-
chrM;12737;12738;6;-
chrM;12741;12742;3;-
chrM;12743;12744;1;-
chrM;12744;12745;4;-
chrM;12747;12748;1;-
chrM;12748;12749;5;-
chrM;12752;12753;2;-
chrM;12753;12754;3;-
chrM;12754;12755;1;-
chrM;12755;12756;1;-
chrM;12756;12757;4;-
chrM;12780;12781;2;-
chrM;12782;12783;1;-
chrM;12783;12784;1;-
chrM;12784;12785;9;-
chrM;12785;12786;4;-
chrM;12786;12787;7;-
chrM;12787;12788;4;-
chrM;12788;12789;6;-
chrM;12789;12790;34;-
chrM;12790;12791;17;-
chrM;12791;12792;11;-
chrM;12792;12793;7;-
chrM;12793;12794;4;-
chrM;12794;12795;6;-
chrM;12795;12796;7;-
chrM;12796;12797;7;-
chrM;12797;12798;2;-
chrM;12799;12800;2;-
chrM;12801;12802;1;-
chrM;12802;12803;4;-
chrM;12803;12804;1;-
chrM;12804;12805;3;-
chrM;12805;12806;1;-
chrM;12807;12808;23;-
chrM;12808;12809;21;-
chrM;12809;12810;4;-
chrM;12810;12811;1;-
chrM;12812;12813;1;-
chrM;12813;12814;1;-
chrM;12815;12816;1;-
chrM;12816;12817;12;-
chrM;12817;12818;12;-
chrM;12818;12819;2;-
chrM;12819;12820;2;-
chrM;12821;12822;1;-
chrM;12822;12823;1;-
chrM;12824;12825;2;-
chrM;12825;12826;8;-
chrM;12826;12827;10;-
chrM;12827;12828;2;-
chrM;12832;12833;1;-
chrM;12833;12834;1;-
chrM;12834;12835;2;-
chrM;12835;12836;3;-
chrM;12837;12838;6;-
chrM;12838;12839;5;-
chrM;12839;12840;3;-
chrM;12843;12844;4;-
chrM;12844;12845;1;-
chrM;12845;12846;3;-
chrM;12846;12847;2;-
chrM;12848;12849;1;-
chrM;12849;12850;1;-
chrM;12851;12852;3;-
chrM;12852;12853;1;-
chrM;12853;12854;2;-
chrM;12854;12855;6;-
chrM;12855;12856;7;-
chrM;12858;12859;4;-
chrM;12861;12862;1;-
chrM;12863;12864;1;-
chrM;12864;12865;8;-
chrM;12865;12866;5;-
chrM;12867;12868;1;-
chrM;12868;12869;4;-
chrM;12869;12870;6;-
chrM;12870;12871;2;-
chrM;12872;12873;1;-
chrM;12873;12874;10;-
chrM;12874;12875;5;-
chrM;12875;12876;4;-
chrM;12876;12877;12;-
chrM;12879;12880;3;-
chrM;12880;12881;5;-
chrM;12881;12882;2;-
chrM;12882;12883;8;-
chrM;12883;12884;4;-
chrM;12884;12885;1;-
chrM;12886;12887;1;-
chrM;12887;12888;1;-
chrM;12888;12889;2;-
chrM;12889;12890;2;-
chrM;12894;12895;4;-
chrM;12898;12899;3;-
chrM;12899;12900;1;-
chrM;12900;12901;11;-
chrM;12901;12902;3;-
chrM;12902;12903;3;-
chrM;12907;12908;1;-
chrM;12908;12909;1;-
chrM;12909;12910;6;-
chrM;12910;12911;1;-
chrM;12911;12912;4;-
chrM;12916;12917;2;-
chrM;12917;12918;2;-
chrM;12918;12919;4;-
chrM;12919;12920;1;-
chrM;12929;12930;3;-
chrM;12930;12931;7;-
chrM;12931;12932;2;-
chrM;12938;12939;1;-
chrM;12939;12940;1;-
chrM;12941;12942;1;-
chrM;12942;12943;2;-
chrM;12943;12944;3;-
chrM;12944;12945;18;-
chrM;12945;12946;3;-
chrM;12946;12947;1;-
chrM;12947;12948;7;-
chrM;12949;12950;5;-
chrM;12950;12951;2;-
chrM;12951;12952;3;-
chrM;12953;12954;3;-
chrM;12954;12955;7;-
chrM;12955;12956;1;-
chrM;12956;12957;5;-
chrM;12957;12958;3;-
chrM;12958;12959;1;-
chrM;12959;12960;6;-
chrM;12960;12961;3;-
chrM;12961;12962;3;-
chrM;12962;12963;1;-
chrM;12963;12964;8;-
chrM;12966;12967;7;-
chrM;12967;12968;3;-
chrM;12969;12970;2;-
chrM;12970;12971;1;-
chrM;12973;12974;3;-
chrM;12975;12976;6;-
chrM;12981;12982;12;-
chrM;12982;12983;10;-
chrM;12983;12984;1;-
chrM;12984;12985;1;-
chrM;12985;12986;3;-
chrM;12989;12990;4;-
chrM;12990;12991;1;-
chrM;12991;12992;1;-
chrM;12993;12994;1;-
chrM;12994;12995;5;-
chrM;12995;12996;12;-
chrM;12996;12997;9;-
chrM;12997;12998;15;-
chrM;13000;13001;2;-
chrM;13001;13002;3;-
chrM;13002;13003;5;-
chrM;13003;13004;2;-
chrM;13004;13005;8;-
chrM;13005;13006;8;-
chrM;13006;13007;9;-
chrM;13007;13008;15;-
chrM;13008;13009;4;-
chrM;13010;13011;1;-
chrM;13011;13012;3;-
chrM;13012;13013;10;-
chrM;13013;13014;1;-
chrM;13014;13015;2;-
chrM;13016;13017;1;-
chrM;13017;13018;3;-
chrM;13022;13023;8;-
chrM;13023;13024;1;-
chrM;13025;13026;13;-
chrM;13026;13027;26;-
chrM;13027;13028;6;-
chrM;13028;13029;1;-
chrM;13031;13032;1;-
chrM;13037;13038;4;-
chrM;13042;13043;6;-
chrM;13043;13044;12;-
chrM;13044;13045;13;-
chrM;13045;13046;3;-
chrM;13051;13052;12;-
chrM;13052;13053;9;-
chrM;13053;13054;10;-
chrM;13054;13055;8;-
chrM;13055;13056;15;-
chrM;13056;13057;11;-
chrM;13057;13058;3;-
chrM;13060;13061;1;-
chrM;13061;13062;1;-
chrM;13062;13063;1;-
chrM;13063;13064;1;-
chrM;13064;13065;10;-
chrM;13065;13066;4;-
chrM;13069;13070;1;-
chrM;13070;13071;4;-
chrM;13071;13072;4;-
chrM;13072;13073;3;-
chrM;13075;13076;1;-
chrM;13078;13079;2;-
chrM;13079;13080;2;-
chrM;13080;13081;5;-
chrM;13081;13082;12;-
chrM;13082;13083;14;-
chrM;13083;13084;11;-
chrM;13084;13085;11;-
chrM;13085;13086;8;-
chrM;13086;13087;7;-
chrM;13087;13088;2;-
chrM;13089;13090;10;-
chrM;13090;13091;4;-
chrM;13093;13094;1;-
chrM;13094;13095;2;-
chrM;13095;13096;3;-
chrM;13096;13097;10;-
chrM;13097;13098;6;-
chrM;13098;13099;2;-
chrM;13100;13101;2;-
chrM;13101;13102;5;-
chrM;13102;13103;3;-
chrM;13103;13104;1;-
chrM;13104;13105;6;-
chrM;13105;13106;13;-
chrM;13106;13107;11;-
chrM;13107;13108;19;-
chrM;13108;13109;2;-
chrM;13110;13111;10;-
chrM;13111;13112;5;-
chrM;13112;13113;3;-
chrM;13115;13116;3;-
chrM;13116;13117;23;-
chrM;13117;13118;6;-
chrM;13120;13121;7;-
chrM;13121;13122;4;-
chrM;13122;13123;1;-
chrM;13124;13125;1;-
chrM;13125;13126;2;-
chrM;13127;13128;3;-
chrM;13128;13129;9;-
chrM;13129;13130;31;-
chrM;13130;13131;19;-
chrM;13131;13132;16;-
chrM;13132;13133;5;-
chrM;13133;13134;3;-
chrM;13138;13139;1;-
chrM;13160;13161;4;-
chrM;13161;13162;4;-
chrM;13162;13163;1;-
chrM;13163;13164;2;-
chrM;13164;13165;15;-
chrM;13165;13166;22;-
chrM;13166;13167;13;-
chrM;13167;13168;6;-
chrM;13169;13170;1;-
chrM;13170;13171;2;-
chrM;13171;13172;14;-
chrM;13172;13173;18;-
chrM;13173;13174;18;-
chrM;13174;13175;2;-
chrM;13176;13177;13;-
chrM;13177;13178;3;-
chrM;13179;13180;19;-
chrM;13180;13181;14;-
chrM;13181;13182;9;-
chrM;13185;13186;4;-
chrM;13186;13187;8;-
chrM;13187;13188;5;-
chrM;13188;13189;6;-
chrM;13189;13190;1;-
chrM;13200;13201;1;-
chrM;13201;13202;2;-
chrM;13202;13203;3;-
chrM;13203;13204;5;-
chrM;13204;13205;10;-
chrM;13205;13206;12;-
chrM;13206;13207;6;-
chrM;13207;13208;9;-
chrM;13208;13209;4;-
chrM;13209;13210;11;-
chrM;13210;13211;4;-
chrM;13212;13213;2;-
chrM;13213;13214;2;-
chrM;13216;13217;3;-
chrM;13220;13221;8;-
chrM;13221;13222;7;-
chrM;13222;13223;4;-
chrM;13223;13224;1;-
chrM;13224;13225;2;-
chrM;13240;13241;11;-
chrM;13241;13242;3;-
chrM;13242;13243;3;-
chrM;13243;13244;1;-
chrM;13244;13245;1;-
chrM;13245;13246;10;-
chrM;13246;13247;2;-
chrM;13247;13248;2;-
chrM;13248;13249;3;-
chrM;13249;13250;4;-
chrM;13251;13252;1;-
chrM;13253;13254;3;-
chrM;13256;13257;1;-
chrM;13257;13258;3;-
chrM;13260;13261;2;-
chrM;13261;13262;1;-
chrM;13262;13263;3;-
chrM;13263;13264;6;-
chrM;13269;13270;1;-
chrM;13272;13273;2;-
chrM;13274;13275;1;-
chrM;13275;13276;1;-
chrM;13282;13283;1;-
chrM;13284;13285;5;-
chrM;13285;13286;2;-
chrM;13286;13287;2;-
chrM;13288;13289;1;-
chrM;13291;13292;6;-
chrM;13292;13293;3;-
chrM;13297;13298;1;-
chrM;13298;13299;4;-
chrM;13300;13301;1;-
chrM;13301;13302;9;-
chrM;13302;13303;3;-
chrM;13304;13305;4;-
chrM;13305;13306;4;-
chrM;13345;13346;1;-
chrM;13351;13352;8;-
chrM;13352;13353;4;-
chrM;13353;13354;4;-
chrM;13359;13360;1;-
chrM;13360;13361;1;-
chrM;13362;13363;1;-
chrM;13364;13365;2;-
chrM;13365;13366;5;-
chrM;13366;13367;1;-
chrM;13367;13368;5;-
chrM;13368;13369;9;-
chrM;13369;13370;5;-
chrM;13371;13372;4;-
chrM;13372;13373;9;-
chrM;13373;13374;4;-
chrM;13374;13375;6;-
chrM;13375;13376;3;-
chrM;13377;13378;1;-
chrM;13378;13379;1;-
chrM;13382;13383;2;-
chrM;13384;13385;2;-
chrM;13385;13386;6;-
chrM;13386;13387;19;-
chrM;13387;13388;9;-
chrM;13389;13390;1;-
chrM;13390;13391;10;-
chrM;13391;13392;2;-
chrM;13392;13393;3;-
chrM;13393;13394;5;-
chrM;13394;13395;1;-
chrM;13395;13396;18;-
chrM;13396;13397;1;-
chrM;13397;13398;1;-
chrM;13398;13399;21;-
chrM;13399;13400;9;-
chrM;13401;13402;1;-
chrM;13403;13404;4;-
chrM;13404;13405;15;-
chrM;13405;13406;1;-
chrM;13406;13407;3;-
chrM;13407;13408;4;-
chrM;13408;13409;23;-
chrM;13409;13410;36;-
chrM;13410;13411;2;-
chrM;13417;13418;1;-
chrM;13420;13421;2;-
chrM;13421;13422;3;-
chrM;13422;13423;3;-
chrM;13425;13426;10;-
chrM;13426;13427;5;-
chrM;13427;13428;2;-
chrM;13433;13434;6;-
chrM;13434;13435;5;-
chrM;13435;13436;7;-
chrM;13436;13437;4;-
chrM;13437;13438;4;-
chrM;13438;13439;1;-
chrM;13439;13440;5;-
chrM;13440;13441;3;-
chrM;13441;13442;9;-
chrM;13442;13443;1;-
chrM;13444;13445;3;-
chrM;13446;13447;1;-
chrM;13447;13448;20;-
chrM;13448;13449;16;-
chrM;13449;13450;11;-
chrM;13450;13451;16;-
chrM;13451;13452;4;-
chrM;13453;13454;1;-
chrM;13454;13455;3;-
chrM;13455;13456;1;-
chrM;13456;13457;1;-
chrM;13458;13459;6;-
chrM;13459;13460;5;-
chrM;13460;13461;7;-
chrM;13461;13462;6;-
chrM;13462;13463;10;-
chrM;13463;13464;1;-
chrM;13464;13465;1;-
chrM;13467;13468;13;-
chrM;13468;13469;18;-
chrM;13469;13470;4;-
chrM;13470;13471;3;-
chrM;13471;13472;8;-
chrM;13472;13473;7;-
chrM;13473;13474;4;-
chrM;13474;13475;8;-
chrM;13475;13476;9;-
chrM;13476;13477;8;-
chrM;13477;13478;4;-
chrM;13478;13479;2;-
chrM;13480;13481;1;-
chrM;13482;13483;5;-
chrM;13483;13484;4;-
chrM;13484;13485;2;-
chrM;13485;13486;1;-
chrM;13491;13492;1;-
chrM;13492;13493;1;-
chrM;13493;13494;1;-
chrM;13495;13496;1;-
chrM;13496;13497;2;-
chrM;13497;13498;5;-
chrM;13499;13500;2;-
chrM;13500;13501;1;-
chrM;13526;13527;1;-
chrM;13565;13566;1;-
chrM;13566;13567;1;-
chrM;13567;13568;4;-
chrM;13568;13569;7;-
chrM;13569;13570;1;-
chrM;13572;13573;1;-
chrM;13574;13575;1;-
chrM;13581;13582;1;-
chrM;13583;13584;1;-
chrM;13584;13585;3;-
chrM;13585;13586;8;-
chrM;13586;13587;9;-
chrM;13587;13588;3;-
chrM;13588;13589;3;-
chrM;13589;13590;1;-
chrM;13591;13592;2;-
chrM;13594;13595;1;-
chrM;13599;13600;1;-
chrM;13600;13601;1;-
chrM;13601;13602;3;-
chrM;13602;13603;5;-
chrM;13603;13604;14;-
chrM;13604;13605;6;-
chrM;13605;13606;4;-
chrM;13606;13607;2;-
chrM;13608;13609;4;-
chrM;13609;13610;1;-
chrM;13610;13611;2;-
chrM;13611;13612;5;-
chrM;13612;13613;1;-
chrM;13613;13614;1;-
chrM;13616;13617;1;-
chrM;13620;13621;2;-
chrM;13621;13622;1;-
chrM;13622;13623;2;-
chrM;13624;13625;1;-
chrM;13625;13626;1;-
chrM;13626;13627;5;-
chrM;13627;13628;3;-
chrM;13629;13630;1;-
chrM;13640;13641;1;-
chrM;13641;13642;3;-
chrM;13642;13643;3;-
chrM;13643;13644;2;-
chrM;13644;13645;8;-
chrM;13646;13647;1;-
chrM;13647;13648;3;-
chrM;13649;13650;5;-
chrM;13650;13651;4;-
chrM;13651;13652;1;-
chrM;13652;13653;1;-
chrM;13655;13656;5;-
chrM;13656;13657;4;-
chrM;13658;13659;1;-
chrM;13659;13660;8;-
chrM;13660;13661;1;-
chrM;13662;13663;1;-
chrM;13663;13664;3;-
chrM;13664;13665;4;-
chrM;13666;13667;4;-
chrM;13674;13675;8;-
chrM;13675;13676;4;-
chrM;13676;13677;1;-
chrM;13677;13678;1;-
chrM;13681;13682;5;-
chrM;13682;13683;1;-
chrM;13684;13685;1;-
chrM;13685;13686;1;-
chrM;13686;13687;3;-
chrM;13687;13688;3;-
chrM;13688;13689;2;-
chrM;13690;13691;3;-
chrM;13691;13692;1;-
chrM;13692;13693;1;-
chrM;13694;13695;1;-
chrM;13695;13696;2;-
chrM;13697;13698;3;-
chrM;13698;13699;2;-
chrM;13699;13700;5;-
chrM;13700;13701;5;-
chrM;13701;13702;4;-
chrM;13702;13703;2;-
chrM;13704;13705;1;-
chrM;13705;13706;3;-
chrM;13707;13708;5;-
chrM;13708;13709;5;-
chrM;13709;13710;6;-
chrM;13711;13712;1;-
chrM;13712;13713;1;-
chrM;13713;13714;4;-
chrM;13717;13718;2;-
chrM;13719;13720;2;-
chrM;13721;13722;1;-
chrM;13723;13724;1;-
chrM;13725;13726;2;-
chrM;13728;13729;2;-
chrM;13729;13730;1;-
chrM;13731;13732;12;-
chrM;13732;13733;3;-
chrM;13733;13734;1;-
chrM;13734;13735;3;-
chrM;13739;13740;3;-
chrM;13751;13752;2;-
chrM;13752;13753;6;-
chrM;13754;13755;2;-
chrM;13756;13757;4;-
chrM;13757;13758;3;-
chrM;13767;13768;1;-
chrM;13768;13769;1;-
chrM;13771;13772;1;-
chrM;13772;13773;1;-
chrM;13773;13774;1;-
chrM;13778;13779;1;-
chrM;13782;13783;8;-
chrM;13783;13784;6;-
chrM;13784;13785;10;-
chrM;13785;13786;11;-
chrM;13786;13787;5;-
chrM;13787;13788;3;-
chrM;13789;13790;1;-
chrM;13791;13792;3;-
chrM;13792;13793;2;-
chrM;13800;13801;2;-
chrM;13801;13802;3;-
chrM;13802;13803;1;-
chrM;13806;13807;1;-
chrM;13812;13813;1;-
chrM;13814;13815;1;-
chrM;13817;13818;1;-
chrM;13818;13819;2;-
chrM;13819;13820;1;-
chrM;13821;13822;2;-
chrM;13822;13823;1;-
chrM;13823;13824;4;-
chrM;13825;13826;1;-
chrM;13827;13828;2;-
chrM;13831;13832;1;-
chrM;13832;13833;1;-
chrM;13833;13834;7;-
chrM;13834;13835;1;-
chrM;13837;13838;1;-
chrM;13838;13839;1;-
chrM;13840;13841;7;-
chrM;13843;13844;1;-
chrM;13853;13854;1;-
chrM;13854;13855;2;-
chrM;13855;13856;2;-
chrM;13856;13857;3;-
chrM;13857;13858;2;-
chrM;13858;13859;2;-
chrM;13859;13860;6;-
chrM;13860;13861;1;-
chrM;13866;13867;3;-
chrM;13867;13868;1;-
chrM;13868;13869;1;-
chrM;13870;13871;2;-
chrM;13871;13872;1;-
chrM;13872;13873;1;-
chrM;13873;13874;1;-
chrM;13875;13876;2;-
chrM;13876;13877;4;-
chrM;13877;13878;2;-
chrM;13883;13884;6;-
chrM;13884;13885;2;-
chrM;13885;13886;2;-
chrM;13886;13887;3;-
chrM;13887;13888;2;-
chrM;13913;13914;2;-
chrM;13914;13915;2;-
chrM;13916;13917;1;-
chrM;13917;13918;1;-
chrM;13921;13922;1;-
chrM;13922;13923;2;-
chrM;13923;13924;2;-
chrM;13924;13925;1;-
chrM;13925;13926;1;-
chrM;13926;13927;7;-
chrM;13927;13928;4;-
chrM;13928;13929;4;-
chrM;13929;13930;3;-
chrM;13930;13931;1;-
chrM;13931;13932;1;-
chrM;13933;13934;2;-
chrM;13934;13935;4;-
chrM;13935;13936;10;-
chrM;13936;13937;3;-
chrM;13939;13940;1;-
chrM;13941;13942;1;-
chrM;13942;13943;2;-
chrM;13943;13944;1;-
chrM;13944;13945;1;-
chrM;13949;13950;5;-
chrM;13950;13951;2;-
chrM;13951;13952;3;-
chrM;13952;13953;1;-
chrM;13953;13954;2;-
chrM;13954;13955;3;-
chrM;13955;13956;3;-
chrM;13956;13957;8;-
chrM;13958;13959;1;-
chrM;13960;13961;3;-
chrM;13961;13962;8;-
chrM;13962;13963;22;-
chrM;13963;13964;14;-
chrM;13964;13965;24;-
chrM;13965;13966;3;-
chrM;13967;13968;4;-
chrM;13968;13969;4;-
chrM;13969;13970;1;-
chrM;13970;13971;2;-
chrM;13971;13972;1;-
chrM;13975;13976;1;-
chrM;13976;13977;2;-
chrM;13977;13978;5;-
chrM;13978;13979;2;-
chrM;13980;13981;3;-
chrM;13981;13982;1;-
chrM;13982;13983;2;-
chrM;13983;13984;7;-
chrM;13984;13985;1;-
chrM;13986;13987;9;-
chrM;13987;13988;4;-
chrM;13994;13995;10;-
chrM;13995;13996;7;-
chrM;13996;13997;3;-
chrM;13998;13999;1;-
chrM;14000;14001;5;-
chrM;14001;14002;1;-
chrM;14003;14004;1;-
chrM;14008;14009;1;-
chrM;14009;14010;3;-
chrM;14010;14011;7;-
chrM;14011;14012;2;-
chrM;14013;14014;2;-
chrM;14014;14015;5;-
chrM;14015;14016;11;-
chrM;14016;14017;5;-
chrM;14017;14018;1;-
chrM;14019;14020;3;-
chrM;14020;14021;5;-
chrM;14021;14022;2;-
chrM;14022;14023;2;-
chrM;14023;14024;1;-
chrM;14024;14025;3;-
chrM;14025;14026;3;-
chrM;14026;14027;2;-
chrM;14029;14030;2;-
chrM;14030;14031;1;-
chrM;14033;14034;1;-
chrM;14038;14039;1;-
chrM;14039;14040;1;-
chrM;14040;14041;1;-
chrM;14041;14042;2;-
chrM;14043;14044;2;-
chrM;14047;14048;1;-
chrM;14048;14049;1;-
chrM;14056;14057;2;-
chrM;14059;14060;1;-
chrM;14063;14064;1;-
chrM;14065;14066;3;-
chrM;14066;14067;8;-
chrM;14067;14068;4;-
chrM;14068;14069;1;-
chrM;14089;14090;5;-
chrM;14090;14091;3;-
chrM;14091;14092;15;-
chrM;14092;14093;16;-
chrM;14093;14094;5;-
chrM;14094;14095;10;-
chrM;14095;14096;4;-
chrM;14096;14097;7;-
chrM;14097;14098;4;-
chrM;14099;14100;1;-
chrM;14100;14101;3;-
chrM;14101;14102;9;-
chrM;14102;14103;4;-
chrM;14103;14104;5;-
chrM;14104;14105;1;-
chrM;14105;14106;7;-
chrM;14108;14109;1;-
chrM;14111;14112;1;-
chrM;14112;14113;5;-
chrM;14113;14114;3;-
chrM;14114;14115;3;-
chrM;14115;14116;8;-
chrM;14116;14117;7;-
chrM;14117;14118;1;-
chrM;14118;14119;5;-
chrM;14119;14120;1;-
chrM;14121;14122;1;-
chrM;14125;14126;13;-
chrM;14126;14127;6;-
chrM;14127;14128;8;-
chrM;14128;14129;4;-
chrM;14129;14130;1;-
chrM;14132;14133;15;-
chrM;14133;14134;3;-
chrM;14134;14135;1;-
chrM;14135;14136;1;-
chrM;14136;14137;4;-
chrM;14137;14138;9;-
chrM;14138;14139;14;-
chrM;14139;14140;12;-
chrM;14140;14141;4;-
chrM;14141;14142;3;-
chrM;14143;14144;3;-
chrM;14144;14145;2;-
chrM;14145;14146;10;-
chrM;14146;14147;13;-
chrM;14147;14148;4;-
chrM;14148;14149;1;-
chrM;14149;14150;1;-
chrM;14150;14151;1;-
chrM;14151;14152;4;-
chrM;14152;14153;1;-
chrM;14153;14154;1;-
chrM;14154;14155;15;-
chrM;14155;14156;7;-
chrM;14156;14157;7;-
chrM;14157;14158;1;-
chrM;14161;14162;2;-
chrM;14162;14163;5;-
chrM;14163;14164;10;-
chrM;14164;14165;12;-
chrM;14165;14166;13;-
chrM;14166;14167;7;-
chrM;14167;14168;6;-
chrM;14168;14169;5;-
chrM;14169;14170;1;-
chrM;14173;14174;1;-
chrM;14176;14177;3;-
chrM;14178;14179;1;-
chrM;14182;14183;2;-
chrM;14195;14196;1;-
chrM;14196;14197;1;-
chrM;14197;14198;2;-
chrM;14198;14199;1;-
chrM;14202;14203;4;-
chrM;14203;14204;5;-
chrM;14204;14205;1;-
chrM;14205;14206;14;-
chrM;14206;14207;8;-
chrM;14207;14208;11;-
chrM;14208;14209;28;-
chrM;14209;14210;69;-
chrM;14210;14211;48;-
chrM;14211;14212;29;-
chrM;14212;14213;21;-
chrM;14213;14214;10;-
chrM;14214;14215;1;-
chrM;14215;14216;2;-
chrM;14216;14217;12;-
chrM;14217;14218;5;-
chrM;14218;14219;2;-
chrM;14219;14220;2;-
chrM;14220;14221;2;-
chrM;14221;14222;1;-
chrM;14222;14223;1;-
chrM;14224;14225;3;-
chrM;14225;14226;14;-
chrM;14226;14227;4;-
chrM;14227;14228;2;-
chrM;14228;14229;1;-
chrM;14229;14230;1;-
chrM;14232;14233;1;-
chrM;14233;14234;1;-
chrM;14234;14235;1;-
chrM;14236;14237;1;-
chrM;14239;14240;1;-
chrM;14240;14241;2;-
chrM;14244;14245;5;-
chrM;14246;14247;8;-
chrM;14247;14248;1;-
chrM;14248;14249;3;-
chrM;14250;14251;5;-
chrM;14251;14252;6;-
chrM;14252;14253;3;-
chrM;14254;14255;3;-
chrM;14255;14256;3;-
chrM;14256;14257;4;-
chrM;14257;14258;1;-
chrM;14260;14261;10;-
chrM;14261;14262;33;-
chrM;14262;14263;14;-
chrM;14263;14264;2;-
chrM;14265;14266;3;-
chrM;14267;14268;1;-
chrM;14268;14269;3;-
chrM;14269;14270;1;-
chrM;14271;14272;6;-
chrM;14272;14273;7;-
chrM;14273;14274;1;-
chrM;14274;14275;2;-
chrM;14276;14277;1;-
chrM;14277;14278;4;-
chrM;14278;14279;2;-
chrM;14280;14281;1;-
chrM;14281;14282;2;-
chrM;14282;14283;4;-
chrM;14283;14284;12;-
chrM;14284;14285;8;-
chrM;14285;14286;4;-
chrM;14287;14288;3;-
chrM;14291;14292;1;-
chrM;14309;14310;3;-
chrM;14310;14311;2;-
chrM;14312;14313;6;-
chrM;14313;14314;11;-
chrM;14314;14315;7;-
chrM;14315;14316;1;-
chrM;14316;14317;1;-
chrM;14317;14318;3;-
chrM;14319;14320;1;-
chrM;14323;14324;3;-
chrM;14324;14325;5;-
chrM;14325;14326;12;-
chrM;14326;14327;3;-
chrM;14327;14328;4;-
chrM;14328;14329;2;-
chrM;14332;14333;6;-
chrM;14333;14334;29;-
chrM;14334;14335;9;-
chrM;14336;14337;6;-
chrM;14337;14338;12;-
chrM;14338;14339;4;-
chrM;14341;14342;3;-
chrM;14342;14343;4;-
chrM;14343;14344;13;-
chrM;14344;14345;10;-
chrM;14345;14346;6;-
chrM;14346;14347;3;-
chrM;14347;14348;1;-
chrM;14348;14349;1;-
chrM;14350;14351;8;-
chrM;14351;14352;9;-
chrM;14352;14353;4;-
chrM;14353;14354;13;-
chrM;14354;14355;10;-
chrM;14355;14356;1;-
chrM;14357;14358;7;-
chrM;14358;14359;14;-
chrM;14359;14360;11;-
chrM;14361;14362;1;-
chrM;14362;14363;1;-
chrM;14363;14364;2;-
chrM;14364;14365;1;-
chrM;14366;14367;44;-
chrM;14367;14368;59;-
chrM;14368;14369;62;-
chrM;14369;14370;12;-
chrM;14372;14373;4;-
chrM;14373;14374;3;-
chrM;14376;14377;1;-
chrM;14379;14380;23;-
chrM;14380;14381;22;-
chrM;14381;14382;11;-
chrM;14383;14384;1;-
chrM;14388;14389;5;-
chrM;14389;14390;7;-
chrM;14390;14391;28;-
chrM;14391;14392;40;-
chrM;14392;14393;28;-
chrM;14393;14394;9;-
chrM;14396;14397;7;-
chrM;14397;14398;45;-
chrM;14398;14399;47;-
chrM;14399;14400;20;-
chrM;14400;14401;19;-
chrM;14401;14402;5;-
chrM;14402;14403;10;-
chrM;14403;14404;3;-
chrM;14404;14405;2;-
chrM;14405;14406;7;-
chrM;14406;14407;2;-
chrM;14413;14414;1;-
chrM;14414;14415;1;-
chrM;14444;14445;2;-
chrM;14448;14449;2;-
chrM;14453;14454;2;-
chrM;14454;14455;11;-
chrM;14455;14456;9;-
chrM;14456;14457;5;-
chrM;14458;14459;1;-
chrM;14460;14461;1;-
chrM;14475;14476;1;-
chrM;14477;14478;5;-
chrM;14478;14479;8;-
chrM;14479;14480;3;-
chrM;14480;14481;7;-
chrM;14482;14483;1;-
chrM;14484;14485;1;-
chrM;14485;14486;1;-
chrM;14486;14487;2;-
chrM;14487;14488;13;-
chrM;14488;14489;7;-
chrM;14489;14490;5;-
chrM;14490;14491;13;-
chrM;14491;14492;4;-
chrM;14493;14494;4;-
chrM;14494;14495;3;-
chrM;14496;14497;2;-
chrM;14497;14498;3;-
chrM;14499;14500;15;-
chrM;14500;14501;4;-
chrM;14501;14502;5;-
chrM;14502;14503;5;-
chrM;14503;14504;1;-
chrM;14508;14509;5;-
chrM;14509;14510;1;-
chrM;14513;14514;1;-
chrM;14516;14517;5;-
chrM;14517;14518;4;-
chrM;14518;14519;7;-
chrM;14519;14520;8;-
chrM;14520;14521;6;-
chrM;14521;14522;4;-
chrM;14522;14523;1;-
chrM;14523;14524;1;-
chrM;14528;14529;2;-
chrM;14529;14530;9;-
chrM;14530;14531;3;-
chrM;14531;14532;4;-
chrM;14534;14535;9;-
chrM;14535;14536;5;-
chrM;14536;14537;2;-
chrM;14537;14538;2;-
chrM;14538;14539;10;-
chrM;14541;14542;1;-
chrM;14546;14547;6;-
chrM;14547;14548;16;-
chrM;14548;14549;2;-
chrM;14549;14550;3;-
chrM;14550;14551;2;-
chrM;14551;14552;2;-
chrM;14553;14554;1;-
chrM;14556;14557;1;-
chrM;14558;14559;2;-
chrM;14562;14563;2;-
chrM;14563;14564;1;-
chrM;14564;14565;15;-
chrM;14565;14566;14;-
chrM;14566;14567;4;-
chrM;14567;14568;3;-
chrM;14568;14569;2;-
chrM;14569;14570;4;-
chrM;14570;14571;5;-
chrM;14571;14572;5;-
chrM;14572;14573;1;-
chrM;14573;14574;1;-
chrM;14574;14575;4;-
chrM;14575;14576;1;-
chrM;14581;14582;2;-
chrM;14582;14583;4;-
chrM;14585;14586;2;-
chrM;14586;14587;5;-
chrM;14587;14588;5;-
chrM;14588;14589;3;-
chrM;14589;14590;27;-
chrM;14590;14591;7;-
chrM;14591;14592;3;-
chrM;14592;14593;2;-
chrM;14593;14594;2;-
chrM;14594;14595;13;-
chrM;14595;14596;13;-
chrM;14596;14597;17;-
chrM;14597;14598;7;-
chrM;14598;14599;12;-
chrM;14599;14600;1;-
chrM;14600;14601;1;-
chrM;14601;14602;22;-
chrM;14602;14603;12;-
chrM;14603;14604;12;-
chrM;14604;14605;2;-
chrM;14608;14609;1;-
chrM;14610;14611;12;-
chrM;14611;14612;14;-
chrM;14612;14613;8;-
chrM;14614;14615;4;-
chrM;14615;14616;4;-
chrM;14616;14617;2;-
chrM;14617;14618;5;-
chrM;14618;14619;10;-
chrM;14619;14620;14;-
chrM;14620;14621;3;-
chrM;14621;14622;3;-
chrM;14622;14623;18;-
chrM;14623;14624;5;-
chrM;14624;14625;8;-
chrM;14625;14626;11;-
chrM;14626;14627;3;-
chrM;14630;14631;1;-
chrM;14633;14634;1;-
chrM;14634;14635;1;-
chrM;14635;14636;3;-
chrM;14636;14637;5;-
chrM;14637;14638;4;-
chrM;14638;14639;5;-
chrM;14639;14640;3;-
chrM;14640;14641;2;-
chrM;14641;14642;9;-
chrM;14642;14643;1;-
chrM;14643;14644;2;-
chrM;14646;14647;4;-
chrM;14647;14648;1;-
chrM;14648;14649;9;-
chrM;14649;14650;5;-
chrM;14650;14651;4;-
chrM;14652;14653;3;-
chrM;14653;14654;3;-
chrM;14654;14655;4;-
chrM;14655;14656;2;-
chrM;14656;14657;2;-
chrM;14657;14658;1;-
chrM;14658;14659;3;-
chrM;14659;14660;1;-
chrM;14660;14661;1;-
chrM;14661;14662;4;-
chrM;14662;14663;5;-
chrM;14663;14664;1;-
chrM;14664;14665;3;-
chrM;14667;14668;8;-
chrM;14668;14669;8;-
chrM;14669;14670;8;-
chrM;14670;14671;9;-
chrM;14671;14672;11;-
chrM;14672;14673;3;-
chrM;14675;14676;1;-
chrM;14678;14679;3;-
chrM;14679;14680;26;-
chrM;14680;14681;12;-
chrM;14681;14682;3;-
chrM;14687;14688;10;-
chrM;14688;14689;5;-
chrM;14716;14717;3;-
chrM;14717;14718;2;-
chrM;14718;14719;19;-
chrM;14719;14720;15;-
chrM;14720;14721;2;-
chrM;14721;14722;1;-
chrM;14723;14724;3;-
chrM;14724;14725;11;-
chrM;14725;14726;9;-
chrM;14726;14727;2;-
chrM;14727;14728;1;-
chrM;14728;14729;6;-
chrM;14729;14730;7;-
chrM;14730;14731;9;-
chrM;14731;14732;2;-
chrM;14732;14733;2;-
chrM;14733;14734;46;-
chrM;14734;14735;8;-
chrM;14735;14736;3;-
chrM;14736;14737;4;-
chrM;14738;14739;1;-
chrM;14739;14740;41;-
chrM;14740;14741;8;-
chrM;14741;14742;1;-
chrM;14744;14745;16;-
chrM;14745;14746;9;-
chrM;14746;14747;1;-
chrM;14747;14748;1;-
chrM;14749;14750;1;-
chrM;14750;14751;6;-
chrM;14751;14752;25;-
chrM;14752;14753;13;-
chrM;14753;14754;4;-
chrM;14756;14757;2;-
chrM;14757;14758;1;-
chrM;14759;14760;4;-
chrM;14760;14761;2;-
chrM;14761;14762;2;-
chrM;14762;14763;4;-
chrM;14763;14764;9;-
chrM;14764;14765;20;-
chrM;14765;14766;6;-
chrM;14766;14767;3;-
chrM;14767;14768;2;-
chrM;14768;14769;3;-
chrM;14769;14770;10;-
chrM;14770;14771;4;-
chrM;14771;14772;2;-
chrM;14777;14778;3;-
chrM;14778;14779;2;-
chrM;14779;14780;2;-
chrM;14780;14781;10;-
chrM;14781;14782;1;-
chrM;14782;14783;3;-
chrM;14783;14784;2;-
chrM;14784;14785;8;-
chrM;14785;14786;16;-
chrM;14786;14787;14;-
chrM;14787;14788;6;-
chrM;14788;14789;5;-
chrM;14789;14790;1;-
chrM;14791;14792;1;-
chrM;14797;14798;7;-
chrM;14798;14799;3;-
chrM;14799;14800;1;-
chrM;14801;14802;1;-
chrM;14803;14804;9;-
chrM;14804;14805;3;-
chrM;14805;14806;8;-
chrM;14806;14807;8;-
chrM;14807;14808;15;-
chrM;14808;14809;7;-
chrM;14810;14811;7;-
chrM;14811;14812;2;-
chrM;14813;14814;1;-
chrM;14816;14817;3;-
chrM;14817;14818;2;-
chrM;14820;14821;1;-
chrM;14822;14823;2;-
chrM;14823;14824;1;-
chrM;14824;14825;2;-
chrM;14827;14828;1;-
chrM;14828;14829;2;-
chrM;14829;14830;6;-
chrM;14830;14831;2;-
chrM;14832;14833;25;-
chrM;14833;14834;5;-
chrM;14834;14835;1;-
chrM;14836;14837;1;-
chrM;14838;14839;4;-
chrM;14839;14840;1;-
chrM;14842;14843;1;-
chrM;14844;14845;2;-
chrM;14872;14873;1;-
chrM;14894;14895;3;-
chrM;14895;14896;4;-
chrM;14896;14897;3;-
chrM;14897;14898;4;-
chrM;14898;14899;6;-
chrM;14899;14900;7;-
chrM;14900;14901;3;-
chrM;14901;14902;9;-
chrM;14902;14903;2;-
chrM;14903;14904;4;-
chrM;14904;14905;1;-
chrM;14905;14906;2;-
chrM;14906;14907;5;-
chrM;14907;14908;1;-
chrM;14909;14910;4;-
chrM;14910;14911;3;-
chrM;14911;14912;1;-
chrM;14913;14914;4;-
chrM;14915;14916;1;-
chrM;14916;14917;7;-
chrM;14917;14918;7;-
chrM;14918;14919;1;-
chrM;14923;14924;6;-
chrM;14924;14925;4;-
chrM;14925;14926;4;-
chrM;14928;14929;2;-
chrM;14931;14932;2;-
chrM;14932;14933;11;-
chrM;14933;14934;16;-
chrM;14934;14935;30;-
chrM;14935;14936;15;-
chrM;14936;14937;17;-
chrM;14937;14938;19;-
chrM;14938;14939;11;-
chrM;14939;14940;13;-
chrM;14940;14941;5;-
chrM;14941;14942;7;-
chrM;14944;14945;1;-
chrM;14947;14948;1;-
chrM;14948;14949;1;-
chrM;14949;14950;2;-
chrM;14950;14951;3;-
chrM;14951;14952;18;-
chrM;14952;14953;17;-
chrM;14953;14954;2;-
chrM;14955;14956;1;-
chrM;14957;14958;1;-
chrM;14963;14964;1;-
chrM;14964;14965;22;-
chrM;14965;14966;5;-
chrM;14984;14985;1;-
chrM;14987;14988;23;-
chrM;14988;14989;2;-
chrM;14989;14990;1;-
chrM;14990;14991;7;-
chrM;14991;14992;4;-
chrM;14994;14995;8;-
chrM;14995;14996;20;-
chrM;14996;14997;3;-
chrM;14997;14998;6;-
chrM;14998;14999;2;-
chrM;15003;15004;1;-
chrM;15005;15006;1;-
chrM;15006;15007;34;-
chrM;15007;15008;4;-
chrM;15008;15009;4;-
chrM;15009;15010;7;-
chrM;15010;15011;3;-
chrM;15012;15013;2;-
chrM;15013;15014;5;-
chrM;15015;15016;12;-
chrM;15016;15017;1;-
chrM;15018;15019;16;-
chrM;15019;15020;4;-
chrM;15020;15021;2;-
chrM;15024;15025;1;-
chrM;15026;15027;1;-
chrM;15027;15028;1;-
chrM;15028;15029;1;-
chrM;15029;15030;1;-
chrM;15056;15057;5;-
chrM;15057;15058;2;-
chrM;15065;15066;6;-
chrM;15066;15067;3;-
chrM;15074;15075;8;-
chrM;15075;15076;4;-
chrM;15076;15077;3;-
chrM;15077;15078;4;-
chrM;15078;15079;11;-
chrM;15079;15080;8;-
chrM;15080;15081;5;-
chrM;15081;15082;8;-
chrM;15082;15083;7;-
chrM;15083;15084;7;-
chrM;15084;15085;8;-
chrM;15085;15086;4;-
chrM;15088;15089;1;-
chrM;15090;15091;1;-
chrM;15092;15093;1;-
chrM;15093;15094;48;-
chrM;15094;15095;75;-
chrM;15095;15096;64;-
chrM;15096;15097;45;-
chrM;15097;15098;29;-
chrM;15098;15099;11;-
chrM;15099;15100;5;-
chrM;15101;15102;2;-
chrM;15102;15103;5;-
chrM;15103;15104;27;-
chrM;15104;15105;11;-
chrM;15105;15106;10;-
chrM;15106;15107;5;-
chrM;15107;15108;1;-
chrM;15111;15112;1;-
chrM;15113;15114;13;-
chrM;15114;15115;10;-
chrM;15115;15116;4;-
chrM;15116;15117;16;-
chrM;15117;15118;10;-
chrM;15118;15119;3;-
chrM;15119;15120;7;-
chrM;15120;15121;2;-
chrM;15122;15123;2;-
chrM;15123;15124;20;-
chrM;15124;15125;8;-
chrM;15125;15126;9;-
chrM;15132;15133;4;-
chrM;15133;15134;4;-
chrM;15134;15135;5;-
chrM;15135;15136;6;-
chrM;15136;15137;3;-
chrM;15137;15138;1;-
chrM;15138;15139;28;-
chrM;15139;15140;5;-
chrM;15141;15142;1;-
chrM;15142;15143;1;-
chrM;15143;15144;2;-
chrM;15144;15145;3;-
chrM;15146;15147;1;-
chrM;15147;15148;3;-
chrM;15148;15149;8;-
chrM;15149;15150;7;-
chrM;15150;15151;15;-
chrM;15151;15152;7;-
chrM;15152;15153;14;-
chrM;15153;15154;2;-
chrM;15155;15156;1;-
chrM;15161;15162;21;-
chrM;15162;15163;17;-
chrM;15163;15164;7;-
chrM;15164;15165;6;-
chrM;15165;15166;8;-
chrM;15166;15167;6;-
chrM;15167;15168;39;-
chrM;15168;15169;80;-
chrM;15169;15170;16;-
chrM;15170;15171;4;-
chrM;15171;15172;19;-
chrM;15172;15173;6;-
chrM;15173;15174;1;-
chrM;15174;15175;14;-
chrM;15175;15176;10;-
chrM;15176;15177;19;-
chrM;15177;15178;23;-
chrM;15178;15179;25;-
chrM;15179;15180;2;-
chrM;15181;15182;1;-
chrM;15184;15185;3;-
chrM;15187;15188;7;-
chrM;15188;15189;3;-
chrM;15189;15190;5;-
chrM;15191;15192;1;-
chrM;15192;15193;47;-
chrM;15203;15204;17;-
chrM;15204;15205;10;-
chrM;15205;15206;7;-
chrM;15206;15207;95;-
chrM;15207;15208;37;-
chrM;15208;15209;7;-
chrM;15210;15211;4;-
chrM;15211;15212;6;-
chrM;15212;15213;15;-
chrM;15213;15214;2;-
chrM;15215;15216;7;-
chrM;15216;15217;4;-
chrM;15218;15219;3;-
chrM;15219;15220;29;-
chrM;15220;15221;5;-
chrM;15221;15222;16;-
chrM;15222;15223;4;-
chrM;15224;15225;1;-
chrM;15227;15228;3;-
chrM;15253;15254;1;-
chrM;15256;15257;1;-
chrM;15257;15258;3;-
chrM;15258;15259;11;-
chrM;15259;15260;2;-
chrM;15260;15261;2;-
chrM;15261;15262;3;-
chrM;15262;15263;2;-
chrM;15263;15264;3;-
chrM;15264;15265;1;-
chrM;15265;15266;2;-
chrM;15270;15271;12;-
chrM;15271;15272;1;-
chrM;15279;15280;1;-
chrM;15281;15282;1;-
chrM;15283;15284;11;-
chrM;15284;15285;6;-
chrM;15285;15286;8;-
chrM;15286;15287;6;-
chrM;15287;15288;6;-
chrM;15290;15291;1;-
chrM;15303;15304;3;-
chrM;15304;15305;1;-
chrM;15309;15310;3;-
chrM;15311;15312;17;-
chrM;15312;15313;14;-
chrM;15313;15314;2;-
chrM;15315;15316;2;-
chrM;15327;15328;1;-
chrM;15329;15330;2;-
chrM;15331;15332;1;-
chrM;15332;15333;1;-
chrM;15336;15337;1;-
chrM;15337;15338;4;-
chrM;15340;15341;4;-
chrM;15341;15342;2;-
chrM;15342;15343;6;-
chrM;15344;15345;3;-
chrM;15346;15347;1;-
chrM;15351;15352;2;-
chrM;15352;15353;3;-
chrM;15353;15354;1;-
chrM;15354;15355;2;-
chrM;15357;15358;3;-
chrM;15360;15361;7;-
chrM;15361;15362;1;-
chrM;15363;15364;4;-
chrM;15364;15365;2;-
chrM;15365;15366;2;-
chrM;15366;15367;9;-
chrM;15367;15368;6;-
chrM;15368;15369;3;-
chrM;15370;15371;10;-
chrM;15371;15372;5;-
chrM;15372;15373;4;-
chrM;15373;15374;15;-
chrM;15374;15375;22;-
chrM;15375;15376;12;-
chrM;15376;15377;14;-
chrM;15377;15378;12;-
chrM;15378;15379;4;-
chrM;15379;15380;7;-
chrM;15380;15381;20;-
chrM;15381;15382;3;-
chrM;15382;15383;30;-
chrM;15383;15384;17;-
chrM;15384;15385;7;-
chrM;15385;15386;7;-
chrM;15386;15387;15;-
chrM;15387;15388;9;-
chrM;15388;15389;8;-
chrM;15389;15390;3;-
chrM;15391;15392;2;-
chrM;15392;15393;4;-
chrM;15393;15394;8;-
chrM;15394;15395;2;-
chrM;15395;15396;7;-
chrM;15396;15397;11;-
chrM;15397;15398;3;-
chrM;15398;15399;1;-
chrM;15404;15405;2;-
chrM;15405;15406;1;-
chrM;15408;15409;1;-
chrM;15409;15410;2;-
chrM;15410;15411;2;-
chrM;15411;15412;1;-
chrM;15412;15413;2;-
chrM;15428;15429;1;-
chrM;15431;15432;3;-
chrM;15439;15440;4;-
chrM;15440;15441;4;-
chrM;15441;15442;15;-
chrM;15442;15443;4;-
chrM;15443;15444;1;-
chrM;15444;15445;12;-
chrM;15445;15446;13;-
chrM;15446;15447;55;-
chrM;15447;15448;18;-
chrM;15448;15449;3;-
chrM;15449;15450;21;-
chrM;15450;15451;9;-
chrM;15451;15452;6;-
chrM;15452;15453;1;-
chrM;15455;15456;4;-
chrM;15456;15457;18;-
chrM;15457;15458;15;-
chrM;15458;15459;1;-
chrM;15459;15460;1;-
chrM;15461;15462;4;-
chrM;15462;15463;17;-
chrM;15486;15487;16;-
chrM;15487;15488;10;-
chrM;15488;15489;9;-
chrM;15489;15490;3;-
chrM;15493;15494;2;-
chrM;15494;15495;9;-
chrM;15495;15496;16;-
chrM;15496;15497;4;-
chrM;15497;15498;2;-
chrM;15498;15499;23;-
chrM;15499;15500;6;-
chrM;15500;15501;4;-
chrM;15501;15502;8;-
chrM;15502;15503;6;-
chrM;15503;15504;1;-
chrM;15504;15505;1;-
chrM;15506;15507;2;-
chrM;15507;15508;3;-
chrM;15509;15510;2;-
chrM;15510;15511;17;-
chrM;15511;15512;4;-
chrM;15512;15513;4;-
chrM;15513;15514;10;-
chrM;15514;15515;13;-
chrM;15515;15516;3;-
chrM;15516;15517;1;-
chrM;15517;15518;2;-
chrM;15518;15519;15;-
chrM;15519;15520;28;-
chrM;15520;15521;14;-
chrM;15521;15522;3;-
chrM;15522;15523;2;-
chrM;15523;15524;8;-
chrM;15524;15525;3;-
chrM;15531;15532;1;-
chrM;15533;15534;3;-
chrM;15534;15535;13;-
chrM;15536;15537;2;-
chrM;15537;15538;12;-
chrM;15538;15539;5;-
chrM;15539;15540;9;-
chrM;15540;15541;5;-
chrM;15541;15542;5;-
chrM;15547;15548;7;-
chrM;15550;15551;1;-
chrM;15551;15552;3;-
chrM;15553;15554;5;-
chrM;15554;15555;2;-
chrM;15556;15557;4;-
chrM;15557;15558;16;-
chrM;15558;15559;12;-
chrM;15559;15560;21;-
chrM;15560;15561;12;-
chrM;15561;15562;2;-
chrM;15562;15563;7;-
chrM;15563;15564;1;-
chrM;15566;15567;3;-
chrM;15567;15568;2;-
chrM;15568;15569;2;-
chrM;15577;15578;20;-
chrM;15578;15579;70;-
chrM;15579;15580;18;-
chrM;15580;15581;5;-
chrM;15581;15582;1;-
chrM;15586;15587;3;-
chrM;15587;15588;2;-
chrM;15588;15589;11;-
chrM;15589;15590;3;-
chrM;15590;15591;8;-
chrM;15591;15592;17;-
chrM;15592;15593;2;-
chrM;15595;15596;1;-
chrM;15596;15597;10;-
chrM;15597;15598;17;-
chrM;15598;15599;11;-
chrM;15599;15600;7;-
chrM;15600;15601;12;-
chrM;15601;15602;8;-
chrM;15602;15603;4;-
chrM;15603;15604;2;-
chrM;15604;15605;2;-
chrM;15605;15606;1;-
chrM;15606;15607;9;-
chrM;15607;15608;14;-
chrM;15608;15609;38;-
chrM;15609;15610;17;-
chrM;15614;15615;2;-
chrM;15616;15617;18;-
chrM;15626;15627;40;-
chrM;15627;15628;8;-
chrM;15629;15630;17;-
chrM;15630;15631;37;-
chrM;15631;15632;72;-
chrM;15632;15633;27;-
chrM;15633;15634;3;-
chrM;15634;15635;31;-
chrM;15635;15636;3;-
chrM;15636;15637;1;-
chrM;15637;15638;2;-
chrM;15639;15640;3;-
chrM;15640;15641;2;-
chrM;15641;15642;3;-
chrM;15642;15643;5;-
chrM;15643;15644;1;-
chrM;15644;15645;5;-
chrM;15645;15646;14;-
chrM;15646;15647;6;-
chrM;15647;15648;7;-
chrM;15649;15650;11;-
chrM;15665;15666;21;-
chrM;15666;15667;1;-
chrM;15667;15668;6;-
chrM;15669;15670;125;-
chrM;15670;15671;121;-
chrM;15671;15672;53;-
chrM;15672;15673;9;-
chrM;15673;15674;2;-
chrM;15674;15675;7;-
chrM;15675;15676;146;-
chrM;15676;15677;220;-
chrM;15677;15678;41;-
chrM;15678;15679;4;-
chrM;15682;15683;1;-
chrM;15696;15697;2;-
chrM;15699;15700;90;-
chrM;15700;15701;29;-
chrM;15701;15702;32;-
chrM;15702;15703;6;-
chrM;15703;15704;1;-
chrM;15704;15705;5;-
chrM;15705;15706;23;-
chrM;15706;15707;73;-
chrM;15707;15708;66;-
chrM;15708;15709;45;-
chrM;15709;15710;16;-
chrM;15710;15711;18;-
chrM;15711;15712;33;-
chrM;15712;15713;56;-
chrM;15713;15714;341;-
chrM;15714;15715;464;-
chrM;15715;15716;403;-
chrM;15716;15717;248;-
chrM;15717;15718;202;-
chrM;15718;15719;141;-
chrM;15719;15720;227;-
chrM;15720;15721;96;-
chrM;15721;15722;45;-
chrM;15722;15723;39;-
chrM;15723;15724;23;-
chrM;15724;15725;67;-
chrM;15725;15726;172;-
chrM;15726;15727;104;-
chrM;15727;15728;111;-
chrM;15728;15729;93;-
chrM;15729;15730;16;-
chrM;15730;15731;10;-
chrM;15731;15732;25;-
chrM;15733;15734;7;-
chrM;15734;15735;27;-
chrM;15735;15736;46;-
chrM;15736;15737;273;-
chrM;15737;15738;206;-
chrM;15738;15739;37;-
chrM;15740;15741;157;-
chrM;15741;15742;336;-
chrM;15742;15743;473;-
chrM;15743;15744;161;-
chrM;15744;15745;69;-
chrM;15745;15746;60;-
chrM;15746;15747;56;-
chrM;15747;15748;66;-
chrM;15748;15749;13;-
chrM;15751;15752;3;-
chrM;15752;15753;7;-
chrM;15753;15754;7;-
chrM;15754;15755;5;-
chrM;15755;15756;6;-
chrM;15756;15757;248;-
chrM;15757;15758;945;-
chrM;15758;15759;344;-
chrM;15759;15760;112;-
chrM;15760;15761;26;-
chrM;15761;15762;7;-
chrM;15762;15763;1;-
chrM;15763;15764;18;-
chrM;15764;15765;16;-
chrM;15765;15766;4;-
chrM;15766;15767;1;-
chrM;15767;15768;8;-
chrM;15768;15769;5;-
chrM;15769;15770;3;-
chrM;15770;15771;23;-
chrM;15771;15772;28;-
chrM;15772;15773;73;-
chrM;15773;15774;3;-
chrM;15774;15775;2;-
chrM;15775;15776;11;-
chrM;15776;15777;3;-
chrM;15777;15778;1;-
chrM;15778;15779;5;-
chrM;15779;15780;2;-
chrM;15780;15781;35;-
chrM;15781;15782;22;-
chrM;15782;15783;143;-
chrM;15783;15784;88;-
chrM;15784;15785;69;-
chrM;15785;15786;29;-
chrM;15786;15787;15;-
chrM;15787;15788;5;-
chrM;15788;15789;11;-
chrM;15789;15790;50;-
chrM;15790;15791;96;-
chrM;15791;15792;145;-
chrM;15792;15793;11;-
chrM;15794;15795;18;-
chrM;15800;15801;4;-
chrM;15809;15810;20;-
chrM;15810;15811;31;-
chrM;15811;15812;69;-
chrM;15812;15813;17;-
chrM;15813;15814;9;-
chrM;15814;15815;12;-
chrM;15815;15816;48;-
chrM;15816;15817;236;-
chrM;15817;15818;116;-
chrM;15818;15819;34;-
chrM;15819;15820;1;-
chrM;15821;15822;1;-
chrM;15822;15823;31;-
chrM;15823;15824;205;-
chrM;15824;15825;302;-
chrM;15825;15826;257;-
chrM;15826;15827;225;-
chrM;15827;15828;91;-
chrM;15828;15829;17;-
chrM;15829;15830;3;-
chrM;15830;15831;92;-
chrM;15831;15832;65;-
chrM;15832;15833;42;-
chrM;15833;15834;4;-
chrM;15834;15835;2;-
chrM;15835;15836;130;-
chrM;15836;15837;138;-
chrM;15837;15838;107;-
chrM;15838;15839;48;-
chrM;15839;15840;1;-
chrM;15840;15841;1;-
chrM;15841;15842;11;-
chrM;15842;15843;6;-
chrM;15845;15846;13;-
chrM;15846;15847;24;-
chrM;15847;15848;18;-
chrM;15848;15849;9;-
chrM;15849;15850;10;-
chrM;15850;15851;2;-
chrM;15852;15853;9;-
chrM;15853;15854;47;-
chrM;15854;15855;120;-
chrM;15855;15856;59;-
chrM;15856;15857;17;-
chrM;15857;15858;30;-
chrM;15858;15859;37;-
chrM;15859;15860;7;-
chrM;15860;15861;1;-
chrM;15861;15862;2;-
chrM;15862;15863;11;-
chrM;15863;15864;63;-
chrM;15864;15865;48;-
chrM;15865;15866;10;-
chrM;15866;15867;3;-
chrM;15867;15868;3;-
chrM;15868;15869;6;-
chrM;15870;15871;1;-
chrM;15871;15872;1;-
chrM;15872;15873;2;-
chrM;15873;15874;25;-
chrM;15874;15875;55;-
chrM;15875;15876;26;-
chrM;15876;15877;11;-
chrM;15877;15878;25;-
chrM;15878;15879;25;-
chrM;15879;15880;16;-
chrM;15880;15881;10;-
chrM;15881;15882;41;-
chrM;15882;15883;24;-
chrM;15883;15884;8;-
chrM;15884;15885;17;-
chrM;15885;15886;7;-
chrM;15886;15887;6;-
chrM;15887;15888;6;-
chrM;15891;15892;4;-
chrM;15892;15893;4;-
chrM;15893;15894;8;-
chrM;15894;15895;11;-
chrM;15895;15896;26;-
chrM;15896;15897;22;-
chrM;15897;15898;10;-
chrM;15898;15899;10;-
chrM;15899;15900;14;-
chrM;15900;15901;3;-
chrM;15901;15902;15;-
chrM;15902;15903;9;-
chrM;15903;15904;16;-
chrM;15904;15905;27;-
chrM;15905;15906;9;-
chrM;15906;15907;1;-
chrM;15908;15909;2;-
chrM;15944;15945;1;-
chrM;15945;15946;9;-
chrM;15946;15947;10;-
chrM;15947;15948;19;-
chrM;15948;15949;47;-
chrM;15949;15950;16;-
chrM;15950;15951;2;-
chrM;15951;15952;8;-
chrM;15952;15953;3;-
chrM;15953;15954;7;-
chrM;15954;15955;8;-
chrM;15955;15956;3;-
chrM;15956;15957;5;-
chrM;15957;15958;2;-
chrM;15958;15959;1;-
chrM;15959;15960;5;-
chrM;15960;15961;1;-
chrM;15961;15962;1;-
chrM;15962;15963;2;-
chrM;15963;15964;1;-
chrM;15964;15965;4;-
chrM;15965;15966;4;-
chrM;15966;15967;9;-
chrM;15967;15968;26;-
chrM;15968;15969;19;-
chrM;15969;15970;14;-
chrM;15970;15971;2;-
chrM;15971;15972;2;-
chrM;15972;15973;5;-
chrM;15973;15974;6;-
chrM;15974;15975;15;-
chrM;15975;15976;7;-
chrM;15977;15978;1;-
chrM;15978;15979;1;-
chrM;15979;15980;5;-
chrM;15980;15981;4;-
chrM;15981;15982;4;-
chrM;15982;15983;6;-
chrM;15983;15984;4;-
chrM;15985;15986;2;-
chrM;15986;15987;3;-
chrM;15987;15988;2;-
chrM;15989;15990;14;-
chrM;15990;15991;30;-
chrM;15991;15992;20;-
chrM;15992;15993;14;-
chrM;15993;15994;1;-
chrM;15995;15996;1;-
chrM;15996;15997;1;-
chrM;15997;15998;1;-
chrM;16000;16001;1;-
chrM;16001;16002;1;-
chrM;16002;16003;1;-
chrM;16005;16006;8;-
chrM;16006;16007;1;-
chrM;16008;16009;4;-
chrM;16009;16010;9;-
chrM;16010;16011;14;-
chrM;16016;16017;5;-
chrM;16017;16018;19;-
chrM;16018;16019;4;-
chrM;16019;16020;4;-
chrM;16022;16023;3;-
chrM;16023;16024;8;-
chrM;16024;16025;4;-
chrM;16027;16028;3;-
chrM;16028;16029;3;-
chrM;16029;16030;1;-
chrM;16030;16031;2;-
chrM;16034;16035;1;-
chrM;16037;16038;1;-
chrM;16040;16041;4;-
chrM;16041;16042;2;-
chrM;16042;16043;1;-
chrM;16043;16044;5;-
chrM;16044;16045;2;-
chrM;16059;16060;2;-
chrM;16060;16061;10;-
chrM;16061;16062;2;-
chrM;16063;16064;6;-
chrM;16066;16067;3;-
chrM;16067;16068;1;-
chrM;16070;16071;1;-
chrM;16071;16072;5;-
chrM;16072;16073;1;-
chrM;16080;16081;2;-
chrM;16081;16082;4;-
chrM;16082;16083;1;-
chrM;16084;16085;3;-
chrM;16086;16087;4;-
chrM;16088;16089;1;-
chrM;16090;16091;4;-
chrM;16091;16092;6;-
chrM;16092;16093;8;-
chrM;16093;16094;27;-
chrM;16094;16095;26;-
chrM;16095;16096;21;-
chrM;16096;16097;8;-
chrM;16097;16098;18;-
chrM;16098;16099;7;-
chrM;16099;16100;12;-
chrM;16100;16101;22;-
chrM;16101;16102;33;-
chrM;16102;16103;9;-
chrM;16103;16104;1;-
chrM;16104;16105;34;-
chrM;16105;16106;6;-
chrM;16106;16107;3;-
chrM;16107;16108;5;-
chrM;16108;16109;1;-
chrM;16110;16111;1;-
chrM;16111;16112;5;-
chrM;16112;16113;3;-
chrM;16113;16114;19;-
chrM;16114;16115;10;-
chrM;16115;16116;8;-
chrM;16116;16117;5;-
chrM;16118;16119;6;-
chrM;16119;16120;13;-
chrM;16120;16121;54;-
chrM;16121;16122;28;-
chrM;16122;16123;10;-
chrM;16123;16124;1;-
chrM;16125;16126;2;-
chrM;16127;16128;1;-
chrM;16128;16129;11;-
chrM;16129;16130;44;-
chrM;16130;16131;5;-
chrM;16132;16133;3;-
chrM;16133;16134;6;-
chrM;16134;16135;2;-
chrM;16135;16136;1;-
chrM;16136;16137;2;-
chrM;16137;16138;1;-
chrM;16138;16139;3;-
chrM;16139;16140;11;-
chrM;16140;16141;29;-
chrM;16141;16142;4;-
chrM;16142;16143;1;-
chrM;16143;16144;1;-
chrM;16144;16145;2;-
chrM;16145;16146;3;-
chrM;16146;16147;1;-
chrM;16147;16148;2;-
chrM;16151;16152;1;-
chrM;16154;16155;2;-
chrM;16157;16158;4;-
chrM;16158;16159;4;-
chrM;16159;16160;3;-
chrM;16161;16162;5;-
chrM;16162;16163;2;-
chrM;16163;16164;4;-
chrM;16167;16168;6;-
chrM;16168;16169;31;-
chrM;16169;16170;4;-
chrM;16170;16171;1;-
chrM;16171;16172;1;-
chrM;16172;16173;4;-
chrM;16173;16174;2;-
chrM;16175;16176;4;-
chrM;16176;16177;3;-
chrM;16177;16178;1;-
chrM;16178;16179;7;-
chrM;16179;16180;2;-
chrM;16186;16187;1;-
chrM;16187;16188;2;-
chrM;16198;16199;1;-
chrM;16204;16205;1;-
chrM;16205;16206;2;-
